EMPTY
EMPTY
EMPTY
EMPTY
202093,202094,202095,202096,202097,202098,202099,202100,202101,202102,202103,202104,202105,202106,202107,202108,202109,202110,202111,202112,202113,202114,202115,202116,202117,202118,202119,202120,202121,202122,202123,202124,202125,202126,202127,202128,202129,202130,202131,202132,202133,202134,202135,202136,202137,286854,286855,286856,286857,286858,286859,286860,286861,286862,286863,286864,286865,286866,286867,286868,286869,286870,286871,286872,286873,286874,286875,286876,286877,286878,286879,286880,286881,286882,286883,286884,286885,286886,286887,286888,286889,286890,286891,286892,286893,286895
EMPTY
549674,549675,549676,549677,549678,549679,549680,549681,549682,549683,549684,549685,549686,549687,549688,549689,549690,549691,549692,549693,549694,549695,549696,549697,549698,549699,549700,549701,549702,549703,549704,549705,549706,549707,549708,549709,549710,549711,549712,549713,549714,549715,549716,549717,549718,549719,549721,549722,549723,549724,549725,549726,549727,549728,549729,549730,549731,549732,549733,549734,549735,549736,549737,549738,549739,549740,549741,549742,549743,549744,549745,549746,549747,549748,549749,549750,549751,549752,549753
EMPTY
810723,810724,810725,810726,810727,810728,810729,810730,810731,810732,810733,810734,810735,810736,810737,810738,810740,810741,810742
EMPTY
628969,628970,628971,628972,628973,628974,628975,628976,628977,628978,628979,628980,628981,628982,628983,628984,628985,628986,628987,628988,628989,628990,628991,628992,628993,628994,628995,628996,628997,628998,628999,629000,629001,629002,629003,629004,629005,629006,629007,629008,629009,629010,629011,629012,629013,629014,629015,629016,629017,629018,629019,629020,629021,629022,629023,629024,629025,629026,629027,629028,629029,629030,629031,629032,629033,629034,629035,629036,629037,629038,629039,629040,629041,629042,629043,629045,629046,629047,629048,629049,629050,629051,629052,629053,629054,629055,629056,629057,629058,629059,629060,701587
EMPTY
358610,358611,358612,358613,358614,358615,358616,358617,358618,358619,358620,358621,358622,358623,358624,358625,358626,358627,358628,358629,358630,358631,358632,358633,358634,358635,358636,358637,358638,358639,358640,358641,358642,358643,358644,358645,358646,358647,358649,358650,358651,358652,358653,358654,358655,358656,358657,358658,358659,358660,358661,358662,358663,358664,358665,358666,358667,358668,358669
EMPTY
360849,903868,903869,903870,903871,903872,903873,903874,903875,903876,903877,903878,903879,903880,903881,903882,903883,903884,903885,903886,903887,903888,903889,903890,903891,903892,903893,903894,903895,903896,903897,903898,903899,903900,903901,903902,903903,903904,903905,903906,903907,903908,903909,903910,903911,903912,903913,903914,903915,903916,903917,903918,903919,903920,903921,903922,903924,903925,903926,903927,903928,903929,903930,903931,903932,903933,903934,903935,903936,903937,903938,903939,903940,903941,903942,903943,903944,903945
EMPTY
185193
EMPTY
207355,207356
EMPTY
609632,609634,609635,609636,609637,609638,609639,609640,609641,609642,609643,609644,609645,609646,609647,609648,609649,609650,609651,609652,609653,609654,609655,609656,609657,609658,609659,609660,609661,609662,609663,609664,609665,609666,609667,609668,609669,609670,609671,609672,609673,609674,609675,609676,609677,609678,609679,609680,609681,609682,609683,609684,609685,609686,609687,609688,609689,609690,609691,609692,609693,609694,609695,609696,609697,609698,609699,609700,609701,609702,609703,609704,609705,609706,609707,946750,946751,946752,946753,946754,946755,946756,946757,946758,946759,946760,946761,946762,946763,946764,946765,946766,946767,946768,946769,946770,946771,946772,946773
EMPTY
EMPTY
EMPTY
681367,681368,681369,681370,681371,681372,681373,681375,681376,681377,681378,681379,681380,681381,681382,681383,943920
EMPTY
EMPTY
EMPTY
627658
EMPTY
EMPTY
EMPTY
549674,549675,549676,549677,549678,549679,549680,549681,549682,549683,549684,549685,549686,549687,549688,549689,549690,549691,549692,549693,549694,549695,549696,549697,549698,549699,549700,549701,549702,549703,549704,549705,549706,549707,549708,549709,549710,549711,549712,549713,549714,549715,549716,549717,549718,549719,549721,549722,549723,549724,549725,549726,549727,549728,549729,549730,549731,549732,549733,549734,549735,549736,549737,549738,549739,549740,549741,549742,549743,549744,549745,549746,549747,549748,549749,549750,549751,549753
EMPTY
EMPTY
EMPTY
202093,202094,202095,202096,202097,202098,202099,202100,202101,202102,202103,202104,202105,202106,202107,202108,202109,202110,202111,202112,202113,202114,202115,202116,202117,202118,202119,202120,202121,202122,202123,202124,202125,202126,202127,202128,202129,202130,202131,202132,202133,202134,202135,202136,202137,286854,286855,286856,286857,286858,286859,286860,286861,286862,286863,286864,286865,286866,286867,286868,286869,286870,286871,286872,286873,286874,286875,286876,286877,286878,286879,286880,286881,286883,286884,286885,286886,286887,286888,286889,286890,286891,286892,286893,286895
EMPTY
705526
EMPTY
202093,202094,202095,202096,202097,202098,202099,202100,202101,202102,202103,202104,202105,202106,202107,202108,202109,202110,202111,202112,202113,202114,202115,202116,202117,202118,202119,202120,202121,202122,202123,202124,202125,202126,202127,202128,202129,202130,202131,202132,202133,202134,202135,202136,202137,286854,286855,286856,286857,286858,286859,286860,286861,286862,286863,286864,286865,286866,286867,286868,286869,286870,286871,286872,286873,286874,286875,286876,286877,286878,286879,286881,286883,286884,286885,286886,286887,286888,286889,286890,286891,286892,286893,286895
EMPTY
360849,903868,903869,903870,903871,903872,903873,903874,903875,903876,903877,903878,903879,903880,903881,903882,903883,903884,903885,903886,903887,903888,903889,903890,903891,903892,903893,903894,903895,903896,903897,903898,903899,903900,903901,903902,903903,903904,903905,903906,903907,903908,903909,903910,903911,903912,903913,903914,903915,903916,903917,903918,903919,903920,903921,903922,903924,903925,903926,903927,903928,903929,903930,903931,903933,903934,903935,903936,903937,903938,903939,903940,903941,903942,903943,903944,903945
EMPTY
325482,325483,325484,325485,325486,325487,325488,325489,325490,325491,325492,325493,325494,325495,325496,325497,325498,325499,325500,325501,325502,325503,325504,325505,325506,325507,325508,325509,325510,357167,357168,357169,357170,357171,357172,357173,357174,357175,357176,357177,357179
EMPTY
760566,760567,760568,760569,760570,760571,760572,760573,760574,760575,760576,760578,760579,760580,760581,760582,760583,760584,760585,760586,760587,760588,760589,760590,760591,760592,760593,760594,760595,760596,760597,760598,760599,760600,760601,760602,760603,760604,760605,760606,760607,760608,760609,760610,760611,760612,760613,760614,760615,760616,760617,760618,760619,760620,760621,760622,760623,760624,760625,760626,760627,760628,760629,760630,760631,760632
EMPTY
EMPTY
EMPTY
549674,549675,549676,549677,549678,549679,549680,549681,549682,549683,549684,549685,549686,549687,549688,549689,549690,549691,549692,549693,549694,549695,549696,549697,549698,549699,549700,549702,549703,549704,549705,549706,549707,549708,549709,549710,549711,549712,549713,549714,549715,549716,549717,549718,549719,549721,549722,549723,549724,549725,549726,549727,549728,549729,549730,549731,549732,549733,549734,549735,549736,549737,549738,549739,549740,549741,549742,549743,549744,549745,549746,549747,549748,549749,549750,549751,549753
EMPTY
553391,553392,553393,553394,553395,553396,553397,553398,553399,553400,553401,553402,553403,553404,553405,553406,553407,553408,553409,553410,553411,553412,553413,553414,553415,553416,553417,553418,553419,553420,553421,553422,553423,553424,553425,553426,553427,553428,553429,553430,553431,553432,553433,553434,553435,553436,553437,553438,553439,553440,553441,553442,553443,553444,553445,553446,553447,553448,553449,553450,553451,553452,553453,553454,553455,553456,553457,587299,587300,587301,587302,587303,587304,587305,587306,587307,587308,587309,587310,587311,587312,587313,587314,587315,587316,587317,587318,587319,587320,587321,587322,587323,587324,587325,587326,587327,587328,587329,587330,587331,587332,587333,587334,587335,587336,587337,587338,587339,587340,587341,587342
EMPTY
122348,122349,122350,122351,122352,122353,122354,122355,122356,122357,122358,122359,122360,122361,122362,122363,122364,122365,122366,122367,122368,122369,122370,122371,122372,122373,122374,122375,122376,122377,122379,122380,122381,122382,122383,122384,122385,122386,122387,122388,122389,122390,122391,122392,122393,122394,122395,122396,122397,122398,122399,122400,122401,122402,122403,122404,122405,122406,122407,122408,122409,122410,122411,122412,122413,122414,122415,122416,122417,122418,122419,122420,122421,122422,122423,122424,122425,122426,122427,122428,122429,122430,122431,122432,122433,122434,122435,122436,122437,122438,122439,122440
EMPTY
EMPTY
EMPTY
227754,227755,227756,227757,227758,227759,227760,227761,227762,227763,227764,227765,227766,227767,227768,227769,227770,227771,227772,227773,227774,227775,256214,280911,280912,280913,280914,280915,280916,280917,280918,280919,280920,280921,280922,280923,280924,280925,280926,280927,280928,280929,280930,280931,280932,289086,691914,691915,691916,691917,691918,691919,691920,691921,691922,691923,691924,691925,691926,691927,691928,691929,691930,691931,691932,691933,691934,691935,691936,691937,691938,691939,691940,691941,691942,691943,691944,691945,691946,691947,691948,691949,691950,691951,691952,691953,691955,691956,691957,691958,691959,691960,691961,691962,691963,691964,691965,691966,691967,691968,691969,691970,830303,830304,830305,830306,830307,830308,830309,830310,830311,830312,830313,830314,830315,830316,830317,830318,830319,830320,830321,830322,830323,830324,830325,830326,830327,830328,830329,830330,830331,830332,830333,830334,830335,830336,830337,830338,830339,830340,830341,830342,830343,830344,830345,830346,830347,830348,830349,830350,830351,830352,830353,830354,830355,830356,830357,830358,830359,830360,830361,830362,830363,830364,830365,830366,830367,830368,830369
EMPTY
EMPTY
EMPTY
854802,854803,854804,854805,854806,854807,854808,854809,854810,854811,854812,854813,854814,854815,854816,854817,854818,854819,854820,854821,854822,854823,854824,854825,854826,854827,854828,854829,854830,854831,854832,854833,854834,854835,854836,854837,854838,854839,854840,854841,854842,854843,854845,854846,854847,854848,854849,854850,854851,854852,854853,854854,854855,854856,854857,854858,854859,854860,854861,854862,854863,854864,854865,854866,854867,854868,854869,854870,854871,854872,854873,854874,854875
EMPTY
549674,549675,549676,549677,549678,549679,549680,549681,549682,549683,549684,549685,549686,549687,549688,549689,549690,549691,549692,549693,549694,549695,549696,549697,549698,549699,549700,549702,549703,549704,549705,549706,549707,549708,549709,549710,549711,549712,549713,549714,549715,549716,549717,549719,549721,549722,549723,549724,549725,549726,549727,549728,549729,549730,549731,549732,549733,549734,549735,549736,549737,549738,549739,549740,549741,549742,549743,549744,549745,549746,549747,549748,549749,549750,549751,549753
EMPTY
202093,202094,202095,202096,202097,202098,202099,202100,202101,202102,202103,202104,202105,202106,202107,202108,202109,202110,202111,202112,202113,202114,202115,202116,202117,202118,202119,202120,202121,202122,202123,202124,202125,202126,202127,202128,202129,202130,202131,202132,202133,202134,202135,202136,202137,286854,286855,286856,286857,286858,286859,286860,286861,286862,286863,286864,286865,286866,286867,286868,286869,286870,286871,286872,286873,286874,286875,286876,286877,286878,286879,286883,286884,286885,286886,286887,286888,286889,286890,286891,286892,286893,286895
EMPTY
358610,358611,358612,358613,358614,358615,358616,358617,358618,358619,358620,358621,358622,358623,358624,358625,358626,358627,358628,358629,358630,358631,358632,358633,358634,358635,358636,358637,358638,358639,358640,358641,358642,358643,358644,358645,358646,358647,358649,358650,358651,358653,358654,358655,358656,358657,358658,358659,358660,358661,358662,358663,358664,358665,358666,358667,358668,358669
EMPTY
628969,628970,628971,628972,628973,628974,628975,628976,628977,628978,628979,628980,628981,628982,628983,628984,628985,628986,628987,628988,628989,628990,628991,628992,628993,628994,628995,628996,628997,628998,628999,629000,629001,629002,629003,629004,629005,629006,629007,629008,629009,629010,629011,629012,629013,629014,629015,629016,629017,629018,629019,629020,629021,629022,629023,629024,629025,629026,629027,629028,629029,629030,629031,629032,629033,629034,629035,629036,629037,629038,629039,629040,629042,629043,629045,629046,629047,629048,629049,629050,629051,629052,629053,629054,629055,629056,629057,629058,629059,629060,701587
EMPTY
EMPTY
EMPTY
395944,395945,395946,395947,395948,395949,395950,395951,395952,395953,395954,395955,395956,395957,395958,395959,395960,395961,395962,395963,395964,395965,395966,395968,395969
EMPTY
360849,903868,903869,903870,903871,903872,903873,903874,903875,903876,903877,903878,903879,903880,903881,903882,903883,903884,903885,903886,903887,903888,903889,903890,903891,903892,903893,903894,903895,903896,903897,903898,903899,903900,903901,903902,903903,903904,903905,903906,903907,903908,903909,903910,903911,903912,903913,903914,903915,903916,903917,903918,903919,903920,903921,903922,903924,903925,903926,903927,903928,903929,903930,903931,903933,903934,903935,903936,903937,903938,903939,903940,903941,903943,903944,903945
EMPTY
854802,854803,854804,854805,854806,854807,854808,854809,854810,854811,854812,854813,854814,854815,854816,854817,854818,854819,854820,854821,854822,854823,854824,854825,854826,854827,854828,854829,854830,854831,854832,854833,854834,854836,854837,854838,854839,854840,854841,854842,854843,854845,854846,854847,854848,854849,854850,854851,854852,854853,854854,854855,854856,854857,854858,854859,854860,854861,854862,854863,854864,854865,854866,854867,854868,854869,854870,854871,854872,854873,854874,854875
EMPTY
EMPTY
EMPTY
383246
EMPTY
395944,395945,395946,395947,395948,395949,395950,395951,395952,395953,395954,395955,395956,395957,395958,395959,395961,395962,395963,395964,395965,395966,395968,395969
EMPTY
130563,240857,240858,240859,240860,240861,240862,240863,240864,240865,240866,240867,240868,240869,240870,240871,240872,240873,240874,240875,240876,240877,240878,240879,240880,240881,240882,240883,240884,240885,240886,240887,240888,240889,240890,240891,240892,240893,240894,240895,240896,240897,240898,240899,240900,240901,240902,240903,240904,240905,240906,240907,240908,240909,240910,240911,240912,240913,240914,240915,240916,240917,240918,240919,240920,240921,240922,240923,240924,240925,538102,538103,538104,538105,538106,538107,538108,538109,538110,538111,538112,538113,538114,538115,538116,538117,538118,538119,538120,538121,538122,538123,538124,538125,538126,538127,538128,538129,538130,538131,538132,538133,538134,538135,538136,538137,538138,538139,538140,538141,538142,538143,538144,538145,538146,538147,538148,538149,538150,538151,538152,538153,538154,538155,538156,538157,538158,538159,538160,538161,538162,538163,538164,538165,538166,538168,538169,538170,538171,538172
EMPTY
681367,681368,681369,681370,681371,681373,681375,681376,681377,681378,681379,681380,681381,681382,681383,943920
EMPTY
529616,529617,529618,529619,529620,529621,529622,529623,529624,529625,529626,529627,529628,529629,529630,529631,529632,529633,529634,529635,529636,529637,529638,529639,529640,529641,529642,529643,529644,529645,529646,529647,529648,529649,529650,529651,529652,529653,529654,529655,529656,529657,529658,529659,529660,529661,529662,529663,529664,529665,529666,529667,529668,529669,529670,529671,529672,529673,529674,529675,529676,529677,529678,529679,529680,529681,529682,529683,529684,529685,529686,529687,529688,529689,529690,529691,529692,529693,529694,529695,529696,529697,529698,529699,529700,529701,529702,529703,529704,529705,529707,529708,529709,529710,529711,529712,529713,569139
EMPTY
828996,828997,828998,828999,829000,829001,829002,829003,829004,829005,829006,829007,829008,829009,829010,829011,829012,829013,829014,829015,829016,829017,829019,829020,829021,829022,829023,829024,829025,829026,829027,829028,829029,829030,829031,829032,829033,829034,829035,829036,829037,829038,829039,829040,829041,829042,829043,829044,829045,829046,829047,829048,829049,829050,829051,829052,829053,829054,829055,829056,829057,829058,829059,829060,829061,829062,829063,829064,829065,829066,829067,829068,829069,829070,829071,829072,829073,829074,829075,829076,829077,829078,829079,829080,829081,829082,829083,829084,829085,829086,829087,829088,829089,829090,829091,829092,829093,829094
EMPTY
EMPTY
EMPTY
463557,463558,463559,463560,463561,463562,463563,463564,463565,463566,463567,463568,463569,463570,463571,463572,463573,463574,463575,463576,463577,463578,463579,463580,463581,463582,463583,463584,463585,463586,463587,463588,463589,463590,463591,463592,463593,463594,463595,463596,463597,463598,463599,463600,463601,463602,463603,463604,463605,463606,463607,463608,463609,463610,463611,463612,463613,463614,463615,463616,463617,463618,463619,463620,463621,463622,463623,463624,463625,463626,463627,463628,463629,463630,463631,463632,463633,463634,463635,463636,463637,463638,463639,463640,463641,463642,463643,463644,463645,463646,463647,463648,463650,463651,463652,463653
EMPTY
628969,628970,628971,628972,628973,628974,628975,628976,628977,628978,628979,628980,628981,628982,628983,628984,628985,628986,628987,628988,628989,628990,628991,628992,628994,628995,628996,628997,628998,628999,629000,629001,629002,629003,629004,629005,629006,629007,629008,629009,629010,629011,629012,629013,629014,629015,629016,629017,629018,629019,629020,629021,629022,629023,629024,629025,629026,629027,629028,629029,629030,629031,629032,629033,629034,629035,629036,629037,629038,629039,629040,629042,629043,629045,629046,629047,629048,629049,629050,629051,629052,629053,629054,629055,629056,629057,629058,629059,629060,701587
EMPTY
