236492,752917,752918,752919,752920,752921,752922,752923,752924,752925,752926,752927,752928,752929,752930,752931,752932,752933,752934,752935,752936,752937,752938
OCSQIZNFB
457711
MNCUM
148947,159650,159651,159652,159653,159654,159655,159656,159657,159658,159659,159660,159661,159662,159663,159664,159665,159666,159667,159668,159669,159670,159671,159672,159673,159674,159675,159676,159677,159678,159679,159680,159681,159682,159683,159684,159685,159686,159687,159688,159689,159690,159691,159692,159693,159694,159695,159696,159697,159698,159699,159700,159701,159702,159703,159704,159705,159706,159707,159708,941121,993831,993832,993833,993834,993835,993836,993837,993838,993839,993840,993841,993842,993843,993844,993845,993846,993847
ZXMZKGBF
352803,735933,883243,955602
UQQYBJJTYM
361611,361612,361613,361614,361615,506688,506689,506690,506691,506692,506693,506694,506695,506696,506697,506698,506699,506700,506701,506702,506703,506704,506705,506706,506707,506708,506709,506710,506711,506712,506713,506714,506715,506716,506717,506718,506719,506720,506721,506722,506723,506724,506725,506726,506727,506728,506729,506730,506731,506732,506733,506734,506735,506736,506737,506738,506739,506740,506741,506742,506743,506744,506745,506746,506747,506748,506749,506750,506751,506752,539487,621782,690597
OSLULSEO
710273
XDORTFCV
466128,871518
GNGQUNKSE
290625
CSDLWM
927263
WGWKZYFX
185550
GYRTLUX
130821
DVEVHJDR
858165
MTKRNZT
591185
UXHNTSL
245808,351383,351384,351385,351386,351387,351388,573527,773076,773077,773078,773079,773080,773081,773082,773083,773084,773085,773086,773087,773088,773089,773090,773091,773092,773093,773094,773095,773096,773097,773098,773099,773100,773101,773102,773103,773104,773105,773106,773107,921776
CQVYDSZCPI
245808,351383,351384,351385,351386,351387,351388,573527,680198,773076,773077,773078,773079,773080,773081,773082,773083,773084,773085,773086,773087,773088,773089,773090,773091,773092,773093,773094,773095,773096,773097,773098,773099,773100,773101,773102,773103,773104,773105,773106,773107,921776
CQVYDSZCPI
683329
WUEDTYT
166586,862340,862341,862342,862343,862344,862345,862346,862347,862348,862349,862350,862351,862352,862353,862354,862355,862356,862357,862358,862359,862360,862361,862362,862363,862364,862365,862366,862367,862368
EQJZJW
314390,315462,713278,713279,713280,713281,713282,713283,713284,713285,713286,713287,713288,713289,713290,713291,713292,713293,713294,713295,713296,713297,713298,713299,713300,713301
DAUCIL
306336,462752,525402,525403,525404,525405,525406,525407,525408,525409,525410,525411,525412,525413,525414,525415,525416,525417,525418,525419,525420,525421,525422,525423,525424,525425,525426,525427,525428,525429,525430,525431,525432,525433,525434,525435,525436,525437,525438,525439,525440,525441,525442,525443,525444,525445,525446,525447,525448,525449,525450,525451,525452,525453,525454,525455,525456,525457,525458,525459,525460,525461,525462,525463,525464,525465,525466,525467,525468,525469,525470,525471,525472,525473,525474,525475,525476,525477,525478,525479,525480,525481,525482,525483,525484,525485,525486,525487,525488,525489,525490,525491,525492,525493,525494,525495,525496,525497,525498,638810,638811,638812,638813,638814,638815,638816,638817,638818,638819,638820,638821,638822,638823,638824,638825,638826,638827,638828,638829,638830,638831,638832,638833,638834,638835,638836,638837,638838,638839,638840,638841,638842,638843,638844,638845,638846,638847,638848,638849,638850,638851,638852,638853,638854,638855,638856,638857,638858,638859,638860,638861,638862,638863,638864,638865,638866,638867,638868,638869,638870,638871,638872,638873,638874,638875,638876,638877,638878,638879
BBHEVALE
164493,330097,330098,330099,330100,330101,330102,330103,330104,330105,330106,330107,330108,330109,330110,330111,330112,330113,330114,330115,330116,330117,330118,330119,330120,330121,330122,330123,330124,330125,330126,330127,330128,330129,330130,330131,330132,330133,330134,330135,330136,330137,330138,330139,330140,330141,330142,330143,330144,330145,330146,330147,330148,330149,330150,330151,330152,330153,330154,330155,330156,330157,338363,992507,992508,992509,992510,992511,992512,992513,992514,992515,992516,992517,992518,992519,992520,992521,992522,992523,992524,992525,992526,992527,992528,992529,992530,992531,992532,992533,992534,992535,992536,992537,992538,992539,992540,992541,992542,992543,992544,992545,992546,992547,992548,992549,992550,992551,992552,992553,992554,992555,992556,992557,992558,992559,992560,992561,992562,992563,992564,992565,992566,992567,992568,992569,992570,992571,992572,992573,992574,992575,992576,992577
IWKZPY
314195
KHSHAG
385857,746595,746596,746597,746598,746599,746600,746601,746602,746603,746604,746605,746606,746607,746608,746609,746610,746611,746612,746613,746614,746615,746616,746617,746618,746619,746620,746621,746622,746623,746624,746625,746626,746627,746628,746629,746630,746631,746632,746633,746634,746635,746636,746637,746638,746639,746640,746641,746642,746643,746644,746645,746646,746647,746648,746649,746650,746651,746652,746653,746654,746655,746656,746657,746658,746659,746660,746661,746662,746663,746664,746665,947262
PTHUVHL
241109,352803,735933,883243,955602
UQQYBJJTYM
355324,355325,355326,355327,355328,355329,355330,355331,355332,355333,355334,355335,355336,355337,355338,355339,355340,355341,355342,355343,355344,355345,355346,355347,355348,355349,355350,355351,355352,355353,355354,355355,355356,355357,355358,355359,355360,355361,355362,355363,355364,355365,355366,355367,355368,355369,355370,355371,355372,355373,355374,355375,355376,355377,355378,355379,355380,355381,355382,355383,355384,355385,355386,355387,355388,355389,355390,355391,355392,355393,355394,355395,355396,472613,579928,725695
EANIAE
337895,533576,533577,533578,533579,533580,533581,533582,533583,533584,533585,533586,533587,533588,533589,533590,533591,533592,533593,533594,533595,533596,533597,533598,533599,691894,691895,691896,691897,691898,691899,691900,691901,691902,691903,691904,691905,691906,691907,691908,691909,691910,691911,691912,691913,691914,691915,691916,691917,691918,691919,691920,691921,691922,691923,691924,691925,691926,691927,691928,691929,691930,691931,691932,691933,691934,691935,691936,691937,691938,691939,691940,691941,691942,691943,691944,691945,691946,691947,691948,691949
WKBTCRXR
806702
YXXZIDPLWR
942959
LGCFTVAG
344696,591185
UXHNTSL
337416,385857,746595,746596,746597,746598,746599,746600,746601,746602,746603,746604,746605,746606,746607,746608,746609,746610,746611,746612,746613,746614,746615,746616,746617,746618,746619,746620,746621,746622,746623,746624,746625,746626,746627,746628,746629,746630,746631,746632,746633,746634,746635,746636,746637,746638,746639,746640,746641,746642,746643,746644,746645,746646,746647,746648,746649,746650,746651,746652,746653,746654,746655,746656,746657,746658,746659,746660,746661,746662,746663,746664,746665,947262
PTHUVHL
490578
PEXDJBN
393189
GDTPLTJ
299442
FMXWUS
144129,144130,144131,144132,144133,144134,144135,144136,144137,144138,144139,144140,144141,144142,144143,144144,144145,144146,144147,144148,144149,144150,144151,144152,144153,606482
RKQFROCVE
277218,832043
ULGYV
545954
FQBHHC
365150,675135,675136,675137,675138,675139,675140,675141,675142,675143,675144,675145,675146,675147,675148,675149,675150,675151,675152,675153,675154,675155,675156,675157,675158,675159,675160,675161,675162,675163,675164,675165,675166,675167,675168,675169,675170,675171,675172,675173,675174,675175,675176,675177,675178,675179,675180,675181,675182,675183,675184,675185,675186,675187,675188,675189,675190,675191,675192,675193,675194,675195,675196,675197,675198,675199,675200,675201,675202,675203,675204,675205,675206,675207,675208,675209,675210,675211,675212,675213,675214,675215,675216,675217,675218,675219,675220,675221,675222,675223,675224,675225,675226,675227,675228
XZPTRBR
194640,241109,352803,735933,883243,955602
UQQYBJJTYM
541530
NMXJCJLGET
197374,318550,318551,318552,318553,318554,318555,318556,318557,318558,318559,318560,318561,318562,318563,318564,318565,318566,318567,318568,318569,318570,318571,318572,318573,318574,318575,318576,318577,318578,318579,318580,318581,318582,318583,318584,318585,318586,318587,318588,318589,318590,318591,318592,318593,318594,318595,646506
ONXBSR
466128,565475,871518
GNGQUNKSE
166855,687389,687390,687391,687392,687393,687394,687395,687396,687397,687398,687399,687400,687401,687402,687403,687404,687405,687406,687407,687408,687409,687410,687411,687412,687413,687414,687415,687416,687417,687418,687419,687420,687421,687422,687423,687424,687425,687426,687427,687428,687429,687430,687431,687432,687433,687434
BZDPLGH
236492,531429,752917,752918,752919,752920,752921,752922,752923,752924,752925,752926,752927,752928,752929,752930,752931,752932,752933,752934,752935,752936,752937,752938
OCSQIZNFB
123633,123634,123635,123636,123637,123638,123639,123640,123641,123642,123643,123644,123645,123646,123647,123648,123649,123650,123651,123652,123653,123654,123655,123656,123657,123658,123659,123660,123661,123662,123663,123664,123665,123666,123667,123668,123669,123670,123671,123672,123673,123674,123675,123676,123677,123678,123679,123680,123681,123682,123683,123684,123685,123686,123687,123688,123689,123690,123691,123692,123693,123694,123695,123696,123697,167174,607978,607979,607980,607981,607982,607983,607984,607985,607986,607987,607988,607989,607990,607991,607992,607993,607994,607995,607996,607997,607998,607999,608000,608001,608002,608003,608004,608005,608006,608007,608008,608009,608010,608011,608012,608013,608014,608015,608016,608017,608018,608019,608020,608021,608022,608023,608024,608025,608026,608027,608028,608029,608030,608031,608032,608033,608034,665442
FPGSDWXDLT
197374,318550,318551,318552,318553,318554,318555,318556,318557,318558,318559,318560,318561,318562,318563,318564,318565,318566,318567,318568,318569,318570,318571,318572,318573,318574,318575,318576,318577,318578,318579,318580,318581,318582,318583,318584,318585,318586,318587,318588,318589,318590,318591,318592,318593,318594,318595,646506,859008
ONXBSR
172082,172083,172084,172085,172086,172087,172088,172089,172090,172091,172092,172093,172094,172095,172096,172097,172098,172099,172100,172101,172102,172103,172104,172105,172106,172107,172108,172109,172110,172111,172112,172113,172114,172115,172116,172117,172118,172119,172120,172121,172122,172123,172124,172125,172126,172127,172128,172129,172130,172131,524153,850630,896479
SSRWCPOCPQ
197374,318550,318551,318552,318553,318554,318555,318556,318557,318558,318559,318560,318561,318562,318563,318564,318565,318566,318567,318568,318569,318570,318571,318572,318573,318574,318575,318576,318577,318578,318579,318580,318581,318582,318583,318584,318585,318586,318587,318588,318589,318590,318591,318592,318593,318594,318595,646506,677089,859008
ONXBSR
719214,858165
MTKRNZT
201415,913985
ZYBRFREVB
147749,417094,417095,417096,417097,417098,417099,417100,417101,417102,417103,417104,417105,417106,417107,417108,417109,417110,417111,417112,417113,417114,417115,417116,417117,417118,417119,417120,417121,417122,417123,417124,417125,417126,417127,417128,417129,417130,417131,417132,417133,417134,417135,417136,417137,417138,417139,417140,417141,417142,417143,417144,417145,417146,417147,417148,417149,417150,417151,417152,417153,417154,417155,417156,417157,417158,417159,417160,417161,417162,417163,417164,417165,417166,417167,417168,417169,417170,417171,417172,417173
VCRPK
806265
HEGHHHO
