180371,180372,180373,180374,180375,180376,180377,180378,180379,180380,180381,180382,180383,180384,180385,180386,180387,180388,180389,180390,180391,180392,180393,180394,180395,180396,180397,180398,180399,180400,180401,180402,180403,180404,180405,180406,180407,180408,180409,180410,180411,180412,180413,180414,180415,180416,180417,180418,180419,180420,180421,180422,180423,180424,180425,180426,180427,180428,180429,180430,180431,180432,180433,180434,180435,180436,180437,180438,180439,180440,180441,180442,180443,180444,180445,180446
469624,861962,861963,861964,861965,861966,861967,861968,861969,861970,861971,861972,861973,861974,861975,861976,861977,861978,861979,861980,861981,861982,861983
EMPTY
EMPTY
837167,837168,837169,837170,837171,837172,837173,837174,837175,837176,837177,837178,837179,837180,837181,837182,837183,837184,837185,837186,837187,837188,837189,837190,837191,837192,837193,837194,837195,837196,930363,930364,930365,930366,930367,930368,930369,930370,930371,930372,930373,930374,930375,930376,930377,930378,930379,930380,930381,930382,930383,930384,930385,930386,930387,930388,930389,930390,930391,930392,930393,930394,930395,930396,930397,930398,930399,930400,930401,930402,930403,930404,930405,930406,930407,930408,930409,930410,930411,930412,930413,930414,930415,930416,930417,930418,930419,930420,930421,930422,930423,930424,930425,930426,930427,930428,930429,930430,930431,930432,930433,930434,930435,930436,930437
147209,147210,147211,147212,147213,147214,147215,147216,147217,147218,147219,147220,147221,147222,147223,147224,147225,147226,147227,147228,147229,147230,147231,147232,147233,147234,147235
EMPTY
HXRSFGAN
325758,466366,466367,466368,466369,466370,466371,466372,466373,466374,466375,466376,466377,466378,466379,466380,466381,466382,466383,466384,466385,466386,466387,466388,466389,466390,466391,466392,466393,466394,466395,466396,466397,466398,466399,466400,466401,466402,466403,466404,466405,466406,466407,466408,466409,466410,466411,466412,466413,594105,868289,868290,868291,868292,868293,868294,868295,868296,868297,868298,868299,868300,868301,868302,868303,868304,868305,868306,868307,868308,868309,868310,868311,868312,868313,868314,868315,868316,868317,868318,868319,868320,868321,868322,868323,868324,868325,868326,868327,868328,868329,868330,868331,868332,868333,868334,868335,868336,868337,868338,868339,868340,868341,868342,868343,868344,868345,868346,868347,868348,868349,868350,868351,868352,868353,868354,868355,868356,868357,868358,868359,868360,868361,868362,868363,868364,868365,868366,868367,868368,868369,868370,868371,868372,868373,868374,868375,868376,868377,868378,868379,868380,868381,868382,868383
EMPTY
EMPTY
551503,551504,551505,551506,551507,551508,551509,551510,551511,551512,551513,551514,551515,551516,551517,551518,551519,551520,551521,551522,551523,551524,551525,551526,551527,551528,551529,551530,551531,551532,551533,551534,551535,551536,551537,551538,551539,551540,551541,551542,551543,551544,551545,551546,551547,551548,551549,551550,551551,551552,551553,551554,551555,551556,551557,551558,551559,551560,551561,551562,551563,551564,551565,551566,551567,551568,551569,551570,551571,551572,551573,551574,551575,551576,551577,551578,551579,551580,551581,551582,551583,551584,551585,551586,551587,551588,551589,551590
EMPTY
551503,551504,551505,551506,551507,551508,551509,551510,551511,551512,551513,551514,551515,551516,551517,551518,551519,551520,551521,551522,551523,551524,551525,551526,551527,551528,551529,551530,551531,551532,551533,551534,551535,551536,551537,551538,551539,551540,551541,551542,551543,551544,551545,551546,551547,551548,551549,551550,551551,551552,551553,551554,551555,551556,551557,551558,551559,551560,551561,551562,551563,551564,551565,551566,551567,551568,551569,551570,551571,551572,551573,551574,551575,551576,551577,551578,551579,551580,551581,551582,551583,551584,551585,551586,551587,551588,551589,551590
384580
EMPTY
EMPTY
EMPTY
EMPTY
104893
EMPTY
409352,697151
EMPTY
EMPTY
HQQHEH
EMPTY
580933,978448
941320,941321,941322,941323
EMPTY
EMPTY
EMPTY
EMPTY
386002,386003,386004,386005,386006,386007,386008,482848,482849,482850,482851,482852,482853,482854,482855,482856,482857,482858,482859,482860,482861,482862,482863,482864,482865,482866,482867,482868,482869
EMPTY
EMPTY
215143,688229,688230,688231,688232,688233,688234,688235,688236,688237,688238,688239,688240,688241,688242,688243,688244,688245,688246,688247,688248,688249,688250,688251,688252,688253,688254,688255,688256,688257,688258,688259,688260,688261,688262,688263,688264,688265,688266,688267,688268,688269,688270,688271,688272,688273,688274,688275,688276,688277,688278,688279,688280,688281,688282,688283,688284,688285,688286,688287,688288,688289,688290,688291,688292,688293,688294,688295,688296
EMPTY
EMPTY
EMPTY
EMPTY
EMPTY
568793,691362
723342
EMPTY
EMPTY
EMPTY
EMPTY
293471,365357,365358,365359,365360,365361,365362,365363,365364,365365,365366,365367,365368,365369,365370,365371,365372,365373,365374,365375,365376,365377,365378,365379,365380,365381,365382,365383,365384,365385,365386,365387,365388,365389,365390,365391,365392,365393,365394,365395,365396,365397,365398,365399,365400,365401,365402,365403,365404,365405,365406,365407,365408,365409,365410,365411,365412,365413,365414,365415,365416,365417,365418,365419,365420,365421
391942,909512,909513,909514,909515,909516,909517,909518,909519,909520,909521,909522,909523,909524,909525,909526,909527,909528,909529,909530,909531,909532,909533,909534,909535,909536,909537,909538,909539,909540,909541,909542,909543,909544,909545,909546,909547,909548,909549,909550,909551,909552,909553,909554,909555,909556,909557,909558,909559,909560,909561,909562,909563,909564,909565,909566,909567,909568,909569,909570,909571,909572,909573,909574,909575,909576,909577,909578
EMPTY
EMPTY
936821
530872,530873,530874,530875,530876,530877,530878,530879,530880,530881,530882,530883,530884,530885,530886,530887,530888,530889,530890,530891,530892,530893,530894,530895,530896,530897,530898,530899,530900,530901,530902,530903,530904,530905,530906,530907,530908,530909,530910,530911,530912,530913,530914,530915,530916,530917,530918,530919,530920,530921,530922,530923,530924,530925,530926,530927,530928,530929,530930,530931,530932,530933,530934,530935,530936,530937,530938,530939,530940,530941,530942,530943,530944,530945,530946,530947,530948,530949,530950,530951,530952,530953,530954,530955,530956,530957,530958,530959,530960,530961,530962,530963,530964,530965,773096
648399,838891
EMPTY
138866,138867,138868,138869,138870,138871,138872,138873,138874,138875,138876,138877,138878,138879,138880,138881,138882,138883,138884
EMPTY
291104,291105,291106,291107,291108,291109,291110,291111,291112,291113,291114,291115,291116,291117,291118,291119,291120,291121,291122,291123,291124,291125,291126,291127,291128,291129,291130,291131,291132,291133,291134,291135,291136,291137,291138,291139,291140
376364
551826,551827,551828,551829,551830,551831,551832,551833,551834
145257,145258,145259,145260,145261,145262,145263,145264,145265,145266,145267,145268,145269,145270,145271,145272,145273,145274,145275,145276,145277,145278,145279,145280,145281,145282,145283,145284,145285,145286,145287,145288,145289,815125
EMPTY
EMPTY
233382,233383,233384,233385,233386,233387,233388,233389,233390,233391,233392,233393,233394,233395,233396,233397,233398,233399,233400,233401,233402,233403,233404,233405,233406,233407,233408,233409,233410,233411,233412,233413,233414,233415,233416,233417,233418,233419,233420,233421,233422,233423,233424,233425,233426,233427,233428,233429,233430,233431,233432,233433,233434,233435,233436,233437,233438,233439,233440,233441,233442,233443,233444,233445,233446,233447,233448,233449,233450,233451,233452,233453,233454,233455,233456,233457,233458,233459,233460,233461,233462,233463
EMPTY
EMPTY
EMPTY
634919
EMPTY
112518,635006
272308,351849,864039
EMPTY
143836,185654,185655,185656,185657,185658,185659,185660,185661,185662,185663,185664,185665,185666,185667,185668,185669,185670,185671,185672,903878
609462
EMPTY
423282,423283,423284,423285,423286,423287,423288,423289,423290,423291,423292,423293,423294,423295,423296,423297,423298,423299,423300,423301,423302,423303,423304,423305,423306,423307,423308,423309,423310,423311,423312,423313,423314,423315,423316,423317,423318,423319,423320,423321,423322,423323
EMPTY
EMPTY
216555,216556,216557,216558,216559,216560,216561,216562,216563,216564,216565,216566,216567,216568,216569,216570,216571,216572,216573,216574,216575,216576,216577,216578,216579,216580,216581,216582,216583,216584,216585,216586,216587,216588,216589,216590,216591,216592,216593,216594,216595,216596,216597,216598,216599,216600,216601,216602,216603,216604,216605,216606,216607,216608,216609,317228,317229,317230,317231,317232,317233,317234,317235,317236,317237,317238,317239,317240,317241,317242,317243,317244,317245,317246,317247,317248,317249,317250,317251,317252,317253,317254,753447,753448,753449,753450,753451,753452,753453,753454,753455,753456,753457,753458,753459,753460,753461,753462,753463,753464,753465,753466,753467,753468,753469,753470,753471,753472,753473,753474,753475,753476,753477,753478,753479,753480,753481,753482,753483,753484,753485,753486,753487,753488,753489,753490,753491,753492,753493,753494,753495,753496,753497,753498,753499,753500,753501,753502,753503,753504,753505,753506,753507
102935
EMPTY
714012
EMPTY
EMPTY
304206
EMPTY
158049
EMPTY
EMPTY
431673,974747
EMPTY
389712
EMPTY
EMPTY
EMPTY
EMPTY
975985,975986,975987,975988,975989,975990,975991,975992,975993,975994,975995,975996,975997,975998,975999,976000,976001,976002,976003,976004,976005,976006,976007,976008,976009,976010,976011,976012,976013,976014,976015,976016,976017,976018,976019,976020,976021,976022,976023,976024,976025,976026,976027,976028,976029
205665,475052,475053,475054,475055,475056,475057,475058,475059,475060,475061,475062,475063,475064,475065,475066,475067,475068,475069,475070,475071,475072,475073,475074,475075,475076,475077,475078,475079,475080,475081,475082,475083,475084,475085,475086,475087,475088,475089,475090,475091,475092,475093,475094,475095,475096,475097,475098,475099,475100,475101,475102,475103,475104,475105,475106,475107,475108,475109,475110,475111,475112,475113,475114,475115,475116,475117,475118
EMPTY
EMPTY
807902
287131,287132,287133,287134,287135,287136,287137,287138,287139,287140,287141,287142,287143,287144,287145,287146,287147,287148,287149,287150,287151,287152,287153,287154,287155,287156,287157,287158,287159,287160,287161,287162,287163,287164,287165,287166,287167,287168,287169,287170,287171,287172,287173,287174,287175,287176,287177,287178,287179,287180,287181,287182,287183,287184,287185,287186,287187,287188,287189,287190,287191,287192,287193,287194,287195,287196,287197,287198,631144
552286
EMPTY
615146,615147,615148,615149,615150,615151,615152,615153,615154,615155,615156,615157,615158,615159,615160,615161,615162,615163,615164,615165,615166,615167,615168,615169,615170,615171,615172,615173,615174,615175,615176,615177,615178,615179,615180,615181,615182,615183,615184,615185,615186,615187,615188,615189,615190,615191
EMPTY
EMPTY
EMPTY
EMPTY
EMPTY
EMPTY
495244
243206,243207,243208,243209,243210,243211,243212,243213,243214,243215,243216,243217,243218,243219,243220,243221,243222,243223,243224,243225,243226,243227,243228,243229,243230,243231,243232,243233,243234,243235,243236,243237,243238,243239,243240,243241,243242,243243,243244,243245,243246,243247,243248,243249,243250,243251,243252,243253,243254,243255,243256,243257,243258,243259,243260,243261,243262,243263,243264,243265,243266,243267,243268,243269,243270,243271,243272,243273,243274,243275,243276,243277,243278,243279,243280,243281,243282,243283,243284,243285,243286,243287,243288,243289,243290,243291,243292,243293,243294,243295,243296,243297,243298,243299,243300,243301,243302,510967
EMPTY
574631,574632,574633,574634,574635,574636,574637,574638,574639,574640,574641,574642,574643,574644,574645,574646,574647,574648,574649,574650,574651,574652,574653,574654,574655,574656,574657,574658,574659,574660,574661,574662,574663,574664,574665,574666,574667,574668,574669,574670,574671,574672,574673,574674,574675,574676,574677,574678,574679,574680,574681,574682,574683,574684,574685,574686,574687,574688,574689,574690,574691,574692,574693
EMPTY
EMPTY
914026
EMPTY
EMPTY
EMPTY
EMPTY
960306
425425,425426,425427,425428,425429,425430,425431,425432,425433,425434,425435,425436,425437,425438,425439,425440,425441,425442,425443,425444,425445,425446,425447,425448,425449,425450,425451,425452,425453,425454,425455,425456,425457,425458,425459,425460,425461,425462,425463,425464,425465,425466,425467,425468,425469,425470,425471,425472,425473,425474,425475,425476,425477,425478,425479,425480,425481,425482,425483,425484,425485,425486,425487,425488,425489,425490,425491,425492,425493,425494,425495,425496,425497,425498,425499,425500,425501,425502,425503,425504,425505,425506,425507,425508,425509,425510,425511,425512,425513,425514,425515,425516,425517,425518
EMPTY
481962
EMPTY
EMPTY
999354
EMPTY
263644,263645,263646,263647,263648,263649,263650,263651,263652,263653,263654,263655,263656,263657,263658,263659,263660,263661,263662,263663,263664,263665,263666,263667,263668,263669,263670,263671,263672,263673,263674,263675,263676,263677,263678,263679,444080,444081,444082,444083,444084,444085,444086,444087,444088,444089,444090,444091,444092,444093,444094,444095,444096,444097,444098,444099,444100,444101,444102,444103,444104,444105,444106,444107,444108,444109,444110,444111,444112,444113,444114,444115,444116,444117,444118,444119,444120,444121,444122,444123,444124,444125,444126,444127,444128,444129,444130,444131,444132,444133,444134,444135,444136,444137,444138,444139,444140,444141,444142
EMPTY
EMPTY
GPOAZJFA
EMPTY
611724,611725,611726,611727,611728,611729,611730,611731,611732,611733,611734,611735,611736,611737,611738,611739,611740,611741,611742,611743,611744,611745,611746,611747
EMPTY
EMPTY
188667
156363,430862,430863,430864,430865,430866,430867,430868,430869,430870,430871,430872,430873,430874,430875,430876,430877,430878,826092,826093,826094,826095,826096,826097,826098,826099,826100,826101,826102,826103,826104,826105,826106,826107,826108,826109,826110,826111,826112,826113,826114,826115,826116,826117,826118,826119,826120,826121,826122,826123,826124,826125,826126,826127,826128,826129,826130,826131,826132,826133,826134,826135,826136,826137,826138,826139,826140,826141,826142,826143,826144,826145,826146,826147,826148,826149,826150,826151,826152
EMPTY
483395,483396,483397,483398,483399,483400,483401,483402,483403,483404,483405,483406,483407,483408,483409,483410,483411,483412,483413,483414,483415,483416,483417,483418,483419,483420,483421,483422,483423,483424,483425,483426,483427,483428,483429,483430,483431,483432,483433,483434,483435,483436,483437,483438,483439,483440,483441,483442
138590,138591,138592,138593,138594,138595,138596,138597,138598,138599,138600,138601,138602,138603,138604,138605,138606,138607,138608,138609,138610,138611,138612,138613,138614,138615,138616,138617,138618,138619,138620,138621,138622,138623,138624,138625,138626,138627,138628,138629,138630,138631,138632,138633,138634,138635,138636,138637,138638,138639,138640,138641,138642,138643,138644,138645,138646,138647,138648,138649,138650,138651,138652,138653,138654,138655,138656,138657,138658,138659,138660,138661,138662,138663,138664,138665,351949,351950,351951,351952,351953,351954,351955,351956,351957,351958,351959,351960,351961,351962,351963,351964,351965,514139,533936,533937,533938,533939,533940,533941,533942,533943,533944,533945,533946,533947,533948,533949,533950,533951,533952,533953,533954,533955,533956,533957,533958,533959,533960,533961,533962,533963,533964,533965,533966,533967,533968,533969,533970,533971,533972,533973,533974,533975,533976
EMPTY
844327,844328,844329,844330,844331,844332,844333,844334,844335,844336,844337,844338,844339,844340,844341,844342,844343,844344,844345,844346,844347,844348,844349,844350,844351,844352,844353,844354,844355,844356,844357,844358,844359,844360,844361,844362,844363,844364,844365,844366,844367,844368,844369,844370,844371,844372,844373,844374,844375,844376,844377,844378,844379,844380,844381,844382,844383,844384,844385,844386,844387,844388,844389,844390,844391,844392,844393,844394,844395,844396,844397,844398,844399,844400,844401,844402,844403,844404,844405,844406,844407,844408,844409,844410,844411,844412,844413,844414,844415,844416,844417,844418,844419,844420,844421,844422,844423,844424,844425
EMPTY
EMPTY
255942,255943,255944,255945,255946,255947,255948,255949,255950,255951,255952,255953,255954,255955,255956,255957,255958,255959,255960,255961,255962,255963,255964,255965,255966,255967,255968,255969,255970,255971,255972,255973,255974,255975,255976,255977,255978,255979,255980,255981,255982,255983,255984,255985,255986,255987,255988,255989,255990,255991,958220
188667
EMPTY
EMPTY
EMPTY
131155,615763,699900
EMPTY
EMPTY
EMPTY
EMPTY
EMPTY
EMPTY
EMPTY
EMPTY
EMPTY
592532,954390
275591,275592,389500,389501,389502,389503,389504,389505,389506,389507,389508,389509,389510,389511,389512,389513,389514,389515,389516,389517,389518,389519,389520,389521,389522,389523,389524,389525,389526,465218
EMPTY
EMPTY
EMPTY
EMPTY
EMPTY
300844,300845,300846,300847,300848,300849,300850,300851,300852,300853,300854,300855,300856,300857,300858,300859,300860,300861,300862,300863,300864,300865,300866,300867,300868,300869,300870,300871,300872,300873,300874,300875,300876,300877,300878,300879,300880,300881,300882,300883,300884,300885,300886,300887,300888,300889,300890,300891,300892,300893,300894,300895,300896,300897,300898,300899,300900,300901,300902,300903,441475
528557,528558,528559,528560,528561,528562,528563,528564,528565,528566,528567,528568,528569,528570,528571,528572,528573,528574,528575,528576,822877,949606,949607,949608,949609,949610,949611,949612,949613
EMPTY
EMPTY
EMPTY
EMPTY
EMPTY
313016,774735,774736,774737,774738,774739,774740,774741,774742,774743,774744,774745,774746,774747,774748
EMPTY
EMPTY
EMPTY
EMPTY
598221,598222,598223,598224,598225,598226,598227,598228,598229,598230,598231,598232,598233,598234,598235,598236,598237,598238,598239,598240,598241,598242,598243,598244,598245,598246,598247,598248,598249,598250,598251,598252,598253,598254,598255,598256
488404,727561,727562,727563,727564
EMPTY
EMPTY
EMPTY
EMPTY
470917
EMPTY
EMPTY
EMPTY
171257
EMPTY
EMPTY
528846
187169,187170,187171,187172,187173,187174,187175,187176,187177,515171,871216
530933,530934,530935,530936,530937,530938,530939,530940,530941,530942,530943,530944,530945,530946,530947,530948,530949,530950,530951,530952,530953,530954,530955,530956,530957,530958,530959,530960,530961,530962,530963,530964,530965,530966,530967,530968,530969,530970,530971,530972,530973,530974,530975,530976,530977,530978,530979,530980,530981,530982,530983
948146
EMPTY
577167,577168,577169,577170,577171,577172,577173,577174,577175,577176,577177,577178,577179,577180,577181,577182,577183,577184,577185,577186,577187,577188,577189,577190,577191,577192,577193,577194,577195,577196,577197,577198,577199,577200,577201,577202,577203,577204,577205,577206,577207,577208,577209,577210,577211,577212,577213,577214,577215,577216,577217,577218,577219,577220,577221,577222,577223,577224,577225,577226,577227,577228,577229,577230,577231,577232,577233,577234,577235,577236,577237,577238,577239,577240,577241,577242,577243,577244,577245,577246,577247,577248,577249,577250,577251,577252,577253,577254,577255,577256,577257,577258,577259,577260
EMPTY
EMPTY
EMPTY
EMPTY
870236,870237,870238,870239,870240,870241,870242,870243,870244,870245,870246,870247,870248,870249,870250,870251,870252,870253,870254,870255,870256,870257,870258,870259,870260,870261,870262,870263,870264
EMPTY
308600
453027
532020
899089
EMPTY
EMPTY
156363,430862,430863,430864,430865,430866,430867,430868,430869,430870,430871,430872,430873,430874,430875,430876,430877,430878,826092,826093,826094,826095,826096,826097,826098,826099,826100,826101,826102,826103,826104,826105,826106,826107,826108,826109,826110,826111,826112,826113,826114,826115,826116,826117,826118,826119,826120,826121,826122,826123,826124,826125,826126,826127,826128,826129,826130,826131,826132,826133,826134,826135,826136,826137,826138,826139,826140,826141,826142,826143,826144,826145,826146,826147,826148,826149,826150,826151,826152
EMPTY
EMPTY
EMPTY
EMPTY
EMPTY
455907
EMPTY
960760
EMPTY
EMPTY
EMPTY
455907
213385,252926,252927,252928,252929,252930,252931,252932,252933,252934,252935,252936,252937,252938,252939,252940,252941,252942,252943,252944,252945,252946,252947,252948,252949,252950,252951,252952,252953,252954,252955,252956,252957,252958,252959,252960,252961,252962,252963,252964,252965,252966,252967,252968,252969,252970,252971,252972,252973,252974,252975,252976,252977,252978,252979,252980,252981,252982,252983,252984,252985,252986,252987,372078,372079,372080,372081,372082,372083,372084,372085,372086,372087,372088,372089,372090,372091,372092,372093,372094,372095,372096,372097,372098,372099,372100,587782,587783,587784,587785,587786,587787,587788,587789,587790,587791,587792,587793,587794,587795,587796,587797,587798,587799,587800,587801,587802,587803,587804,587805,587806,587807,587808,587809,587810,587811,587812,587813,587814,587815,587816,587817,587818,587819,587820,587821,587822,587823,587824,587825,587826,587827,587828,587829,587830,587831,587832,587833,587834,587835,587836,587837,587838,587839,587840,587841,587842,587843,587844,587845,587846,587847,587848,587849,587850,587851,587852,587853,587854,587855,587856
EMPTY
EMPTY
708737,708738,708739,708740,708741,708742,708743,708744,708745,708746,708747,708748,708749,708750,708751,708752
568793,691362
EMPTY
EMPTY
583093,583094,583095,583096,583097,583098,583099,583100,583101,583102,583103,583104,583105,583106,583107,583108,583109,583110,583111,583112,583113,583114,583115,583116,583117,583118,583119,583120,583121,583122,583123,583124,583125,583126,583127,583128,583129,583130,583131,583132,583133
EMPTY
EMPTY
EMPTY
EMPTY
EMPTY
173028
LIXJURW
EMPTY
EMPTY
688514,886332
EMPTY
EMPTY
EMPTY
RWIZWIH
222486
678650
EMPTY
EMPTY
EMPTY
EMPTY
583093,583094,583095,583096,583097,583098,583099,583100,583101,583102,583103,583104,583105,583106,583107,583108,583109,583110,583111,583112,583113,583114,583115,583116,583117,583118,583119,583120,583121,583122,583123,583124,583125,583126,583127,583128,583129,583130,583131,583132,583133
EMPTY
580933,978448
EMPTY
EMPTY
EMPTY
544272
EMPTY
EMPTY
EMPTY
337463,337464,337465,337466,337467,337468,337469,337470,337471,337472,337473,337474,337475,337476,337477,337478,337479,337480,337481,337482,337483,337484,337485,337486,337487,337488,337489,337490,337491,337492,337493,337494,337495,337496,337497,337498,337499,337500,337501,337502,337503,337504,337505,337506,337507,337508,337509,337510,337511,337512,337513,337514,337515,337516,337517,337518,337519,337520,337521,337522,337523,337524,337525,337526,337527,337528,337529,337530,337531,337532,337533,337534,337535,337536,688613,688614,688615,688616,688617,688618,688619,688620,688621,688622,688623,688624,688625,688626,688627,688628,688629,688630,688631,688632,688633,688634,688635,688636,688637,688638,688639,688640,688641,688642,688643,688644,688645,688646,688647,688648,688649,688650,688651,688652,688653,688654,688655,688656,688657
EMPTY
EMPTY
472159,472160,472161,472162,472163,472164,472165,472166,472167,472168,472169,472170,472171,472172,472173,472174,472175,472176,472177,472178,472179,472180,472181,472182,472183,472184,472185,472186,472187,472188,472189,472190,472191,472192,472193,472194,472195,472196,472197,472198,472199,472200,472201,472202,472203,472204,472205,472206,472207,472208,472209,472210,472211,472212,472213,472214,472215,472216,472217,472218,472219,685863,685864,685865,685866,685867,685868,685869,685870,685871,685872,685873,906633,906634,906635,906636,906637,906638,906639,906640,906641,906642,906643,906644,906645,906646,906647,906648,906649,906650,906651,906652,906653,906654,906655,906656,906657,906658,906659,906660,906661,906662,906663,906664,906665,906666,906667,906668,906669,906670,906671,906672,906673,906674,906675,906676,906677,906678,906679,906680,906681,906682,906683,906684,906685,906686,906687,906688
EMPTY
EMPTY
548669,548670,548671,548672,548673,548674,548675,548676,548677,548678
EMPTY
EMPTY
EMPTY
EMPTY
EMPTY
EMPTY
EMPTY
135860,612293,784164,784165,784166,784167,784168,784169,784170,784171,784172,784173,784174,784175,784176,784177,784178,784179,784180,784181,784182,784183,784184,784185,784186,784187,784188,784189,784190,784191,784192,784193,784194,784195,784196,784197,784198,784199,784200,784201,784202,784203,784204,784205,784206,784207,784208,784209,784210,784211,784212,784213,784214,784215,784216,784217,784218,784219,784220,784221,784222,784223,784224,784225,784226,784227,784228,784229,784230,784231,784232,784233,784234,784235,784236,784237,784238,784239,784240,784241,784242,784243,955692
EMPTY
395445,519779,519780,519781,519782,519783,519784,519785,519786,519787,519788,519789,519790,519791,519792,519793,519794,519795,519796,519797,519798,519799,519800,519801,519802,519803,519804,519805,519806,519807,519808,519809,519810,519811,519812,519813,519814,519815,519816,519817,519818,519819,519820,519821,519822
453657,453658,453659,453660,453661,453662,453663,453664,453665,453666,453667,644255
996692
EMPTY
EMPTY
263644,263645,263646,263647,263648,263649,263650,263651,263652,263653,263654,263655,263656,263657,263658,263659,263660,263661,263662,263663,263664,263665,263666,263667,263668,263669,263670,263671,263672,263673,263674,263675,263676,263677,263678,263679,444080,444081,444082,444083,444084,444085,444086,444087,444088,444089,444090,444091,444092,444093,444094,444095,444096,444097,444098,444099,444100,444101,444102,444103,444104,444105,444106,444107,444108,444109,444110,444111,444112,444113,444114,444115,444116,444117,444118,444119,444120,444121,444122,444123,444124,444125,444126,444127,444128,444129,444130,444131,444132,444133,444134,444135,444136,444137,444138,444139,444140,444141,444142
EMPTY
EMPTY
EMPTY
EMPTY
178797,424861,424862,424863,424864,424865,424866,424867,424868,424869,424870,424871,424872,424873,424874,424875,424876,424877,424878,424879,424880,424881,424882,424883,424884,424885,424886,424887,424888,424889,424890,424891,424892,424893,424894,424895,424896,424897,424898,424899,424900,424901,424902,424903,424904,424905,424906,424907,424908,424909,424910,424911,424912
EMPTY
EMPTY
561960,561961,561962,561963,561964,561965,561966,561967,561968,561969,561970,561971,561972,561973,561974,561975,561976,561977,561978,561979,561980,561981,561982,561983,561984,561985,561986,561987,561988,561989,561990,561991,561992,561993,561994,561995,561996,561997
EMPTY
EMPTY
578451,578452,578453,578454,578455,578456,578457,578458,578459,578460,578461,578462,578463,578464,578465,578466,578467,578468,578469,578470,578471,578472,578473
EMPTY
EMPTY
EMPTY
EMPTY
263644,263645,263646,263647,263648,263649,263650,263651,263652,263653,263654,263655,263656,263657,263658,263659,263660,263661,263662,263663,263664,263665,263666,263667,263668,263669,263670,263671,263672,263673,263674,263675,263676,263677,263678,263679,444080,444081,444082,444083,444084,444085,444086,444087,444088,444089,444090,444091,444092,444093,444094,444095,444096,444097,444098,444099,444100,444101,444102,444103,444104,444105,444106,444107,444108,444109,444110,444111,444112,444113,444114,444115,444116,444117,444118,444119,444120,444121,444122,444123,444124,444125,444126,444127,444128,444129,444130,444131,444132,444133,444134,444135,444136,444137,444138,444139,444140,444141,444142
EMPTY
EMPTY
188667
EMPTY
316154,555803
EMPTY
EMPTY
EMPTY
EMPTY
EMPTY
621769
519902
EMPTY
EMPTY
EMPTY
355643
352012,352013,352014,352015,352016,352017,352018,352019,352020,352021,352022,352023,352024,352025,352026,352027,352028,352029,352030,352031,352032,352033,352034,352035,352036,352037,352038,352039,352040,503887,523110,955532
EMPTY
EMPTY
249036,899866,899867,899868,899869,899870,899871,899872,899873,899874,899875,899876,899877,899878,899879,899880,899881,899882,899883,899884,899885,899886,899887
256860,256861,256862,256863,256864,256865,256866,256867,256868,256869,256870,256871,256872,256873,256874,256875,256876,256877,256878,256879,256880,256881,256882,256883,256884,256885,256886,256887,256888,256889,256890,256891,256892,256893,256894,256895,256896,256897,256898,256899,256900,256901,256902,256903,256904,256905,256906,256907,256908,256909,256910,256911,256912,256913,256914,256915,256916,256917,256918,256919,256920,256921,256922,256923,256924,256925,256926,256927,256928,256929,256930,256931,256932,256933,256934,256935,256936,256937,256938,256939,256940,256941,256942,256943,256944,256945,256946,256947,256948,256949,256950,256951,256952,256953,256954,256955,256956,326861,326862,326863,326864,326865,326866,326867,326868,326869,326870,326871,326872,326873,326874,326875,326876,326877,326878,326879,326880,326881,326882,326883,326884,326885,326886,326887,326888,326889,326890,326891,326892,326893,326894,326895,326896,326897,326898,326899,326900,326901,326902,326903,326904,326905,326906,326907,326908,326909,326910,326911,326912,326913,326914,326915,326916,326917,326918,326919,326920,326921,326922,326923,326924,326925,326926,326927,326928,326929,326930,326931,326932
EMPTY
EMPTY
EMPTY
683039,683040,683041,683042,683043,683044,683045,683046,683047,683048,683049,683050,683051,683052,683053,683054,683055,683056,683057,683058,683059,683060,683061,683062,683063,683064,683065,683066,683067,683068,683069,683070,683071,683072,683073,683074,683075,683076,683077,683078,683079,683080,683081,683082,683083,683084,683085,683086,683087,683088,683089,683090,683091,683092,683093,683094,683095,683096,683097,683098,683099,683100,683101,683102
461426,461427,461428,461429,461430,461431,461432,461433,461434,461435,461436,461437,461438,461439,461440,461441,461442,461443,461444,461445,461446,461447,461448,461449,461450,461451,461452,461453,461454,461455,461456,461457,461458,461459,461460,461461,461462,461463,461464,461465,461466,461467,461468,461469,461470,461471,461472,461473,461474,461475,461476,461477,461478,461479,461480,461481,461482,461483,461484,461485,461486,461487,461488,461489,461490,461491,461492,461493,461494,461495,461496,461497,461498,461499,461500,461501,461502,461503,461504,461505,461506,461507,461508,461509,461510,461511,461512,461513,461514,461515,461516,461517,461518,461519,461520,461521,461522,461523
EMPTY
101028
661347
EMPTY
823652
EMPTY
EMPTY
EMPTY
788573
EMPTY
472159,472160,472161,472162,472163,472164,472165,472166,472167,472168,472169,472170,472171,472172,472173,472174,472175,472176,472177,472178,472179,472180,472181,472182,472183,472184,472185,472186,472187,472188,472189,472190,472191,472192,472193,472194,472195,472196,472197,472198,472199,472200,472201,472202,472203,472204,472205,472206,472207,472208,472209,472210,472211,472212,472213,472214,472215,472216,472217,472218,472219,685863,685864,685865,685866,685867,685868,685869,685870,685871,685872,685873,906633,906634,906635,906636,906637,906638,906639,906640,906641,906642,906643,906644,906645,906646,906647,906648,906649,906650,906651,906652,906653,906654,906655,906656,906657,906658,906659,906660,906661,906662,906663,906664,906665,906666,906667,906668,906669,906670,906671,906672,906673,906674,906675,906676,906677,906678,906679,906680,906681,906682,906683,906684,906685,906686,906687,906688
EMPTY
EMPTY
EMPTY
EMPTY
255966
127717,127718,127719,127720,127721,127722,127723,127724,579521,616087
EMPTY
EMPTY
EMPTY
EMPTY
EMPTY
882013,983049
609462
EMPTY
413406
EMPTY
EMPTY
589300,589301,589302,589303,589304,589305,589306,589307,589308,589309,589310,589311,589312,589313,589314,589315,589316,589317,589318,589319,589320,589321,589322,589323,589324,589325,589326,589327,589328,589329,589330,589331,589332,589333,589334,589335,589336,589337,589338,589339,589340,589341,589342,589343,589344,589345,589346,589347,589348,589349,589350
EMPTY
EMPTY
993758
EMPTY
EMPTY
EMPTY
555083,555084,555085,555086,555087,555088,555089,555090,555091,555092,555093,555094,555095,555096,555097,555098,555099,555100,555101,555102,555103,555104,555105,555106,555107,555108,555109,555110,555111,555112,555113,555114,555115,555116,555117,555118,555119,555120,555121,555122,555123,555124,555125,555126,555127,555128,555129,555130,555131,555132,555133,555134,555135,555136,555137,555138,555139,555140,555141,555142,555143,555144,555145,555146,555147,555148,555149,555150,555151,555152,555153,555154,555155,555156,555157,555158,555159,555160,555161,555162,555163,555164,555165,555166,555167,555168,555169,555170,555171,555172,555173,555174,592365,595709,595710,595711,595712,595713,595714,595715,595716,595717,595718,595719,595720,595721,595722,595723,595724,595725,595726,595727,595728,595729,595730,595731,595732,595733,595734,595735,595736
EMPTY
EMPTY
367162
EMPTY
EMPTY
EMPTY
137024,554922,554923,554924,554925,554926,554927,554928,554929,554930,554931,554932,554933,554934,554935,554936,554937,554938,554939,554940,554941,554942,554943,554944,554945,554946,554947,554948,554949,554950,554951,554952,554953,554954,554955,554956,554957,554958,554959,554960,554961,554962,554963,554964,554965,554966,554967,554968,554969,554970,554971,554972,554973,554974,554975,554976,554977,554978,554979,554980,554981,554982,554983,554984,554985,554986,554987,554988,554989,554990,554991,554992,554993,554994,554995,554996,554997,554998,554999,555000,555001,555002,555003,555004,555005,555006,555007,555008,555009,555010,555011,555012,555013,555014,555015,555016,555017,555018,555019,555020
EMPTY
EMPTY
EMPTY
112518,635006
EMPTY
EMPTY
EMPTY
EMPTY
EMPTY
664981
EMPTY
EMPTY
EMPTY
EMPTY
215703,215704,215705,215706,215707,215708,215709,215710,215711,215712,215713,215714,215715,215716,215717,215718,215719,215720,215721,215722,215723,215724,215725,215726,215727,215728,215729,215730,215731,215732,215733,215734,215735,215736,215737,215738,215739,215740,215741,215742,215743,215744,215745,215746,215747,215748,215749,215750,215751,215752,215753,215754,215755,215756,215757,215758,215759,215760,215761,215762,215763,215764,215765,215766,215767,215768
838899
EMPTY
EMPTY
EMPTY
EMPTY
EMPTY
EMPTY
EMPTY
EMPTY
EMPTY
EMPTY
EMPTY
EMPTY
673826
455832,455833,455834,455835,455836,455837,455838,455839,455840,455841,455842,455843,455844,455845,455846,455847,455848,455849,455850,455851,455852,455853,455854,455855,455856,455857,455858,455859,455860,455861,455862,455863,455864,455865,455866,455867,455868,455869,455870,455871,455872,455873,455874,455875,455876,455877,455878,455879,455880,455881,455882,455883,455884,455885,455886,455887,455888,455889,455890,455891,455892,455893,455894,455895,455896,455897,455898,455899,455900,455901,455902,455903,455904,455905,455906,455907,455908,455909,455910,455911,455912,455913,455914,455915,455916,455917,455918,455919,455920,455921,455922,455923,455924,572866,572867,572868,572869,572870,572871,572872,572873,572874,572875,572876,572877,572878,572879,572880,572881,572882,572883,572884,572885,572886,572887,572888,572889,572890,572891,572892,572893,572894,572895,572896,572897,572898,572899,572900,572901,572902,572903,572904,572905,572906,572907,572908,572909,572910,572911,572912,572913,572914,572915,572916,572917,572918,572919,572920,572921,572922,572923,572924
EMPTY
412133,602255,602256,602257,602258,602259,602260
EMPTY
EMPTY
EMPTY
EMPTY
EMPTY
EMPTY
EMPTY
EMPTY
105417,105418,105419,105420,105421,105422,105423,105424,105425,105426,105427,105428,105429,105430,105431,105432,105433,105434,105435,105436,105437,105438,105439,105440,105441,105442
242975,242976,242977,242978,242979,242980,242981,242982,242983,242984,242985,242986,242987,242988,242989,242990,242991,242992,242993,242994,242995
EMPTY
EMPTY
EMPTY
EMPTY
EMPTY
EMPTY
EMPTY
359629,669603
579290,579291,579292,579293,579294,579295,579296,579297,579298,579299,579300,579301,579302,579303,579304,579305,579306,579307,579308,579309,579310,579311,579312,579313,579314,579315,579316,579317,579318,579319,579320,579321,579322,579323,579324,579325,579326,579327,579328,579329,579330,579331,579332,579333,579334,579335,579336,579337,579338,579339,579340,579341,579342,579343,579344,579345,579346,579347,579348,579349,579350,579351,579352,579353,579354,579355,579356,579357,579358,899115,899116,899117,899118,899119,899120,899121,899122,899123,899124,899125,899126,899127,899128,899129,899130,899131,899132,899133,899134,899135,899136,899137,899138,899139,899140,899141,899142,899143,899144,899145,899146,899147,899148,899149,899150,899151,899152,899153,899154,899155,899156,899157,899158,899159,899160,899161,899162,899163,899164,899165,899166,899167,899168,899169,899170,899171,899172,899173,899174,899175,899176,899177,899178,899179,899180,899181,899182,899183,899184,899185,899186,899187,899188,899189,899190,899191,899192,899193,899194
528557,528558,528559,528560,528561,528562,528563,528564,528565,528566,528567,528568,528569,528570,528571,528572,528573,528574,528575,528576,822877,949606,949607,949608,949609,949610,949611,949612,949613
793458
215143,688229,688230,688231,688232,688233,688234,688235,688236,688237,688238,688239,688240,688241,688242,688243,688244,688245,688246,688247,688248,688249,688250,688251,688252,688253,688254,688255,688256,688257,688258,688259,688260,688261,688262,688263,688264,688265,688266,688267,688268,688269,688270,688271,688272,688273,688274,688275,688276,688277,688278,688279,688280,688281,688282,688283,688284,688285,688286,688287,688288,688289,688290,688291,688292,688293,688294,688295,688296
EMPTY
EMPTY
114091,114092,114093,114094,114095,114096,114097,114098,114099,114100,253357,284608,284609,284610,284611,284612,284613,284614,284615,284616,284617,284618,284619,284620,284621,284622,284623,284624,284625,284626,284627,284628,284629,284630,284631,284632,284633,284634,284635,284636,284637,284638,284639,284640,284641,284642,284643,284644,284645,284646,284647,284648,284649,284650,284651,284652,284653,284654,284655,284656,284657,284658,284659,284660,284661,284662,284663,284664
EMPTY
192342,192343,192344,192345,192346,192347,192348,192349,192350,192351,192352,192353,192354,192355,192356,192357,192358,192359,192360,192361,192362,192363,192364,192365,192366,192367,192368,192369,192370,192371,192372,192373,192374,192375,192376,192377,192378,192379,192380,192381,192382,192383,192384,192385,192386,192387,192388,192389,192390,192391,192392,992235
EMPTY
EMPTY
609462
243206,243207,243208,243209,243210,243211,243212,243213,243214,243215,243216,243217,243218,243219,243220,243221,243222,243223,243224,243225,243226,243227,243228,243229,243230,243231,243232,243233,243234,243235,243236,243237,243238,243239,243240,243241,243242,243243,243244,243245,243246,243247,243248,243249,243250,243251,243252,243253,243254,243255,243256,243257,243258,243259,243260,243261,243262,243263,243264,243265,243266,243267,243268,243269,243270,243271,243272,243273,243274,243275,243276,243277,243278,243279,243280,243281,243282,243283,243284,243285,243286,243287,243288,243289,243290,243291,243292,243293,243294,243295,243296,243297,243298,243299,243300,243301,243302,510967
EMPTY
536544
EMPTY
OIMAWDS
EMPTY
453235,453236,453237,453238,453239,453240,453241,453242,453243,453244,453245,453246,453247,453248,453249,453250,453251,453252,453253,453254,453255,453256,453257,453258,453259,453260,453261,453262,453263,453264,453265,453266,453267,453268,453269,453270,453271,453272,453273,453274,453275,453276,453277,453278,453279,453280,453281,453282,453283,453284,453285,453286,453287,453288,453289,453290,453291
EMPTY
EMPTY
EMPTY
EMPTY
EMPTY
EMPTY
975981
EMPTY
EMPTY
EMPTY
751682,751683,751684,751685,751686,751687,751688,751689,751690,751691,751692,751693,751694,751695,751696,751697,751698,751699,751700,751701,751702,751703,751704,751705,751706,751707,751708,751709,751710
EMPTY
EMPTY
EMPTY
EMPTY
EMPTY
156363,430862,430863,430864,430865,430866,430867,430868,430869,430870,430871,430872,430873,430874,430875,430876,430877,430878,826092,826093,826094,826095,826096,826097,826098,826099,826100,826101,826102,826103,826104,826105,826106,826107,826108,826109,826110,826111,826112,826113,826114,826115,826116,826117,826118,826119,826120,826121,826122,826123,826124,826125,826126,826127,826128,826129,826130,826131,826132,826133,826134,826135,826136,826137,826138,826139,826140,826141,826142,826143,826144,826145,826146,826147,826148,826149,826150,826151,826152
EMPTY
EMPTY
EMPTY
352012,352013,352014,352015,352016,352017,352018,352019,352020,352021,352022,352023,352024,352025,352026,352027,352028,352029,352030,352031,352032,352033,352034,352035,352036,352037,352038,352039,352040,503887,523110,955532
EMPTY
EMPTY
EMPTY
EMPTY
EMPTY
EMPTY
EMPTY
EMPTY
EMPTY
EMPTY
EMPTY
EMPTY
408558,513233,652780,652781,652782,652783,652784,652785,652786,652787,652788,652789,652790,652791,652792,652793,652794,652795,652796,652797,652798,652799,652800,652801,652802,652803,652804,652805,652806,652807,652808,652809,652810
EMPTY
EMPTY
EMPTY
497010,881475,881476,881477,881478,881479,881480,881481,881482,881483,881484,881485,881486,881487,881488,881489,881490,881491,881492,881493,881494,881495,881496,881497,881498,881499,881500,881501,881502,881503,881504,881505,881506,881507,881508,881509,881510,881511,881512,881513,881514,881515,881516,881517,881518,881519,881520,881521,881522,881523,881524,881525,881526,881527,881528,881529,881530,881531,881532,881533,881534,881535,881536,881537,881538,881539,881540,881541,881542,881543,881544,881545,881546,881547,881548,881549,881550,881551,881552,881553,881554,881555,881556,881557,881558,881559,881560,881561,881562
522506,751728
EMPTY
EMPTY
906197
459586
EMPTY
729812,729813,729814,729815,729816,729817,729818,729819,729820,729821,729822,729823,729824,729825,729826,729827,729828,729829,729830,729831,729832,729833,729834,729835,729836,729837,729838,729839,729840,729841,729842,729843,729844,729845,729846,729847,729848,729849,729850,729851,729852,729853,729854,729855,729856,729857,729858,729859,729860,729861,729862,729863,729864,729865,729866,729867,729868,729869,729870,729871,729872,729873,729874,729875,729876,729877,729878,729879,729880,729881,729882,729883,729884,729885,729886,729887,729888,729889,729890,729891,729892,729893,729894,729895,729896,729897,729898,729899,729900,729901
325570,325571,325572,325573,325574,325575,325576,705532
738623,738624,738625,738626,738627,738628,738629,738630,738631,738632,738633,738634,738635,738636,738637,738638,738639,738640,738641,738642,738643,738644,738645,738646,738647,738648,738649,738650,738651,738652,738653,738654,738655,738656,738657,738658,738659
EMPTY
EMPTY
EMPTY
544272
EMPTY
EMPTY
EMPTY
EMPTY
EMPTY
412133,602255,602256,602257,602258,602259,602260
EMPTY
EMPTY
643085
EMPTY
EMPTY
EMPTY
EMPTY
717232
707165,707166,707167,707168,707169,707170,707171,707172,707173,707174,707175,707176,707177,707178,707179,707180,707181,707182,707183,707184,707185,707186,707187,707188,707189,707190,707191,707192,707193,707194,707195,707196,707197,707198,707199,707200,707201,707202,707203,707204,707205,707206,707207,707208,707209,707210,707211,707212,707213,707214,707215,707216,707217,707218,707219,707220,707221,707222,707223,707224,707225,964164
EMPTY
EMPTY
793798
472159,472160,472161,472162,472163,472164,472165,472166,472167,472168,472169,472170,472171,472172,472173,472174,472175,472176,472177,472178,472179,472180,472181,472182,472183,472184,472185,472186,472187,472188,472189,472190,472191,472192,472193,472194,472195,472196,472197,472198,472199,472200,472201,472202,472203,472204,472205,472206,472207,472208,472209,472210,472211,472212,472213,472214,472215,472216,472217,472218,472219,685863,685864,685865,685866,685867,685868,685869,685870,685871,685872,685873,906633,906634,906635,906636,906637,906638,906639,906640,906641,906642,906643,906644,906645,906646,906647,906648,906649,906650,906651,906652,906653,906654,906655,906656,906657,906658,906659,906660,906661,906662,906663,906664,906665,906666,906667,906668,906669,906670,906671,906672,906673,906674,906675,906676,906677,906678,906679,906680,906681,906682,906683,906684,906685,906686,906687,906688
EMPTY
282772,570101
EMPTY
EMPTY
EMPTY
352012,352013,352014,352015,352016,352017,352018,352019,352020,352021,352022,352023,352024,352025,352026,352027,352028,352029,352030,352031,352032,352033,352034,352035,352036,352037,352038,352039,352040,503887,523110,955532
EMPTY
787306
EMPTY
EMPTY
314217
EMPTY
EMPTY
EMPTY
827211,827212,827213,827214,827215,827216,827217,827218,827219,827220,827221,827222,827223,827224,827225,827226,827227,827228,827229,827230,827231,827232,827233,827234,827235,827236,827237,827238,827239,827240,827241,827242,827243,827244,827245,827246,827247,827248,827249,827250,827251,827252,827253,827254,827255,827256,827257,827258
661347
EMPTY
826961,826962,826963,826964,826965,826966,826967,826968,826969,826970,826971,826972,826973,826974,826975,826976,826977,826978,826979,826980,826981,826982,826983,826984,826985,826986,826987,826988,826989,826990,826991,826992,826993,826994,826995,826996,826997,826998,826999,827000,827001,827002,827003,827004,827005,827006,827007,827008,827009,827010,827011,827012,827013,827014,827015,827016,827017,827018,827019,827020,827021,827022,827023,827024,827025,827026,827027,827028,827029,827030,827031,827032,827033,827034,827035,827036,827037,827038,827039,827040,827041,827042,827043,827044,827045,827046,827047,827048,827049,827050,827051,827052,827053,827054,827055,827056,827057,827058,827059
EMPTY
EMPTY
216555,216556,216557,216558,216559,216560,216561,216562,216563,216564,216565,216566,216567,216568,216569,216570,216571,216572,216573,216574,216575,216576,216577,216578,216579,216580,216581,216582,216583,216584,216585,216586,216587,216588,216589,216590,216591,216592,216593,216594,216595,216596,216597,216598,216599,216600,216601,216602,216603,216604,216605,216606,216607,216608,216609,317228,317229,317230,317231,317232,317233,317234,317235,317236,317237,317238,317239,317240,317241,317242,317243,317244,317245,317246,317247,317248,317249,317250,317251,317252,317253,317254,753447,753448,753449,753450,753451,753452,753453,753454,753455,753456,753457,753458,753459,753460,753461,753462,753463,753464,753465,753466,753467,753468,753469,753470,753471,753472,753473,753474,753475,753476,753477,753478,753479,753480,753481,753482,753483,753484,753485,753486,753487,753488,753489,753490,753491,753492,753493,753494,753495,753496,753497,753498,753499,753500,753501,753502,753503,753504,753505,753506,753507
EMPTY
EMPTY
EMPTY
EMPTY
EMPTY
849879,849880,849881,849882,849883,849884,849885,849886,849887,849888,849889,849890,849891,849892,849893,849894,849895,849896,849897,849898,849899,849900,849901,849902,849903,849904,849905,849906,849907,849908,849909,849910,849911,849912,849913,849914,849915,849916,849917,849918,849919,849920,849921,849922,849923,849924,849925,849926,849927,849928,849929,849930,849931,849932,849933,849934,849935,849936,849937,849938,849939,849940,849941,849942,849943,849944,849945,849946,849947,849948,849949,849950,849951,849952,849953,849954,849955,849956,849957,849958,849959,849960,849961,849962,849963,849964,849965,849966,849967
551826,551827,551828,551829,551830,551831,551832,551833,551834
179943,345975,345976,345977,345978,345979,345980,345981,345982,345983,345984,345985,345986,345987,345988,345989,345990,345991,345992,345993,345994,345995,345996,345997,345998,345999,346000,346001,346002,346003,346004,346005,346006,346007,346008,346009,346010,346011,346012,346013,346014,346015,346016,346017,346018,346019,346020,346021,346022,346023,346024,346025,346026,346027,346028,346029,346030,346031,346032,346033,346034,346035,346036,346037,346038,346039,346040,346041,346042,346043,346044,346045,346046,346047,346048,346049,346050,346051,346052,346053,346054,346055,346056,346057,346058,346059
EMPTY
EMPTY
EMPTY
EMPTY
EMPTY
857018,857019,857020,857021,857022,857023,857024,857025,857026,857027,857028,857029,857030,857031,857032,857033,857034,857035,857036,857037,857038,857039,857040,857041,857042,857043,857044,857045,857046,857047,857048,857049,857050,857051,857052,857053,857054,857055,857056,857057,857058,857059,857060,857061,857062,857063,857064,857065,857066,857067,857068,877949
EMPTY
782232,965996
522506,751728
EMPTY
EMPTY
EMPTY
EMPTY
EMPTY
314269,314270,314271,314272,314273,314274,314275,314276,314277,314278,314279,314280,314281,314282,314283,314284,314285,314286,314287,314288,314289,314290,314291,314292,314293,314294,314295,314296,314297,314298,314299,314300,314301,314302,314303,314304,314305,314306,314307,324538,410078,410079,410080,410081,410082,410083,410084,410085,410086,410087,410088,410089,410090,410091,410092,410093,410094,410095,410096,410097,410098,410099,410100,410101,410102,410103,410104,410105,410106,410107,410108,410109,410110,410111,410112,410113,410114,410115,410116,410117,410118,410119,410120,410121,410122,410123,622433
EMPTY
EMPTY
EMPTY
EMPTY
EMPTY
EMPTY
UTXMTBUVA
497908,497909,497910,497911,497912,497913,497914,497915,497916,497917,497918,497919,497920,497921,497922,497923,497924,497925,497926,497927,497928,497929,497930,497931,497932,497933,497934,497935,497936,497937,497938,497939,497940,497941,497942,497943,497944,497945,497946,497947,497948,497949,497950,497951,497952,497953,497954,497955,497956,497957,497958,497959,497960,497961,497962,497963,497964,497965,497966,497967,497968,497969,497970,497971,497972,497973,497974,497975,497976,497977,497978
EMPTY
EMPTY
620118,620119,620120,620121,620122,620123,620124,620125,620126,620127,620128,620129,620130,620131,620132,620133,620134,620135,620136,620137,620138,620139,620140,620141,620142,620143,620144,620145,620146,620147,620148,620149,620150,620151,620152,620153,620154,620155,620156,620157,620158,620159,620160,620161,620162,620163,620164,620165,931227
EMPTY
EMPTY
EMPTY
EMPTY
EMPTY
621769
EMPTY
335844
615146,615147,615148,615149,615150,615151,615152,615153,615154,615155,615156,615157,615158,615159,615160,615161,615162,615163,615164,615165,615166,615167,615168,615169,615170,615171,615172,615173,615174,615175,615176,615177,615178,615179,615180,615181,615182,615183,615184,615185,615186,615187,615188,615189,615190,615191
EMPTY
902136,991201
EMPTY
335844
EMPTY
HAPGRDI
583093,583094,583095,583096,583097,583098,583099,583100,583101,583102,583103,583104,583105,583106,583107,583108,583109,583110,583111,583112,583113,583114,583115,583116,583117,583118,583119,583120,583121,583122,583123,583124,583125,583126,583127,583128,583129,583130,583131,583132,583133
EMPTY
140202
378876,378877,378878,378879,378880,378881,378882,378883,378884,378885,378886,378887,378888,378889,378890,378891,378892,378893,378894,378895,378896,378897,378898,378899,378900,378901,378902,378903,378904,378905,378906,378907,378908,378909,378910,378911,378912,378913,378914,378915,378916,378917,378918,378919,378920,378921,378922,378923,378924,378925,378926,378927,378928,378929,378930,378931,378932,481129
EMPTY
EMPTY
302747
544968,544969,544970,544971,544972,544973,544974,544975,544976,544977,544978,544979,544980,544981,544982,544983,544984,544985,544986,544987,544988,544989,544990,544991,544992,544993,544994,544995,544996,544997,544998,544999,545000,545001,545002,545003,545004,545005,545006,545007,545008,545009,545010,545011,545012,545013,545014,545015,545016,545017,545018,545019,545020,545021,545022,545023,545024,545025,545026,545027
962609,962610,962611,962612,962613
242975,242976,242977,242978,242979,242980,242981,242982,242983,242984,242985,242986,242987,242988,242989,242990,242991,242992,242993,242994,242995
EMPTY
395445,519779,519780,519781,519782,519783,519784,519785,519786,519787,519788,519789,519790,519791,519792,519793,519794,519795,519796,519797,519798,519799,519800,519801,519802,519803,519804,519805,519806,519807,519808,519809,519810,519811,519812,519813,519814,519815,519816,519817,519818,519819,519820,519821,519822
769313,769314,769315,769316,769317,769318,769319,769320,769321,769322,769323,769324,769325,769326,769327,769328,769329,769330,769331,769332,769333
EMPTY
EMPTY
EMPTY
EMPTY
EMPTY
EMPTY
453235,453236,453237,453238,453239,453240,453241,453242,453243,453244,453245,453246,453247,453248,453249,453250,453251,453252,453253,453254,453255,453256,453257,453258,453259,453260,453261,453262,453263,453264,453265,453266,453267,453268,453269,453270,453271,453272,453273,453274,453275,453276,453277,453278,453279,453280,453281,453282,453283,453284,453285,453286,453287,453288,453289,453290,453291
EMPTY
EMPTY
677932,677933,677934,677935,677936,677937,677938,677939,677940,677941,677942,677943,677944,677945,677946,677947,677948,677949,677950,677951,677952,677953,677954,677955,677956,677957,677958,677959,677960,677961,677962,677963,677964,677965,677966,677967,677968,677969,677970,677971,677972,677973,677974,677975,677976,677977,677978,677979,677980,677981,677982,677983,677984,677985,677986,677987,677988,677989,677990,677991,677992,677993,677994,677995,677996,677997,677998,677999,678000,678001,678002,678003,678004,678005,678006,678007,678008
EMPTY
589300,589301,589302,589303,589304,589305,589306,589307,589308,589309,589310,589311,589312,589313,589314,589315,589316,589317,589318,589319,589320,589321,589322,589323,589324,589325,589326,589327,589328,589329,589330,589331,589332,589333,589334,589335,589336,589337,589338,589339,589340,589341,589342,589343,589344,589345,589346,589347,589348,589349,589350
EMPTY
EMPTY
EMPTY
EMPTY
EMPTY
EMPTY
404892
EMPTY
EMPTY
EMPTY
EMPTY
EMPTY
EMPTY
EMPTY
EMPTY
830028
EMPTY
EMPTY
EMPTY
621769
EMPTY
EMPTY
532020
EMPTY
EMPTY
862173
EMPTY
710388
EMPTY
EMPTY
EMPTY
EMPTY
EMPTY
863105,866359
191785,191786,191787,191788,191789,191790,191791,191792,191793,191794,191795,191796,191797,191798,191799,191800,191801,191802,191803,191804,191805,191806,191807,191808,191809,191810,191811,191812,191813,191814,191815,191816,191817,191818,191819,191820,191821,191822,191823,191824,191825,191826,191827,191828,191829,191830,191831,191832,191833,191834,191835,191836,191837,191838,191839,191840,191841,191842,191843,191844,191845,191846,191847,191848,191849,191850,191851,191852,191853,191854,191855,191856,191857,191858,191859,191860,191861,191862,191863,191864,191865,191866,191867,191868,191869,191870,191871,191872,191873,191874,191875,191876,191877,191878,191879,191880,191881,191882,544406,544407,544408,544409,544410,544411,544412,544413,544414,544415,544416,544417,544418,544419,544420,544421,544422,544423,544424,544425,544426,544427,544428,544429,544430,544431,544432,544433,544434,544435,544436,544437,544438,544439,544440,544441,544442,544443,544444,544445,585200,813668,813669,813670
625439
EMPTY
EMPTY
EMPTY
577510,577511,577512,577513,577514,577515,577516,577517,577518,577519,577520,577521,577522,577523,577524,577525,577526,577527,577528,577529,577530,577531,577532,577533,577534,577535,577536,577537,577538,577539,577540,577541,577542,577543,577544,577545,577546,577547,577548,577549,577550,577551,577552,577553,577554,577555,577556,577557,577558,577559,577560,577561,577562,577563,577564,577565,577566
EMPTY
638133,638134,638135,638136,638137,638138,638139,638140,638141,638142,638143,638144,638145,638146,638147,638148,638149,638150,638151,638152,638153,638154,638155,638156,638157,638158,638159,638160,638161,638162,638163,638164,638165,638166,638167,638168,638169,638170,638171,638172,638173,638174,638175,638176,638177,638178,638179,638180,638181,638182,638183,657729
EMPTY
EMPTY
EMPTY
578451,578452,578453,578454,578455,578456,578457,578458,578459,578460,578461,578462,578463,578464,578465,578466,578467,578468,578469,578470,578471,578472,578473
379037
EMPTY
EMPTY
EMPTY
EMPTY
EMPTY
382944,382945,382946,382947,382948,382949,382950,382951,382952,382953,382954,382955,382956,382957,382958,382959,382960,382961,382962,382963,382964,382965,382966,382967,382968,382969,382970,382971,382972,382973,382974,382975,382976,382977,382978,382979,382980,382981,382982,382983,382984,382985,382986,382987,382988,382989,382990,382991,382992,382993,382994,382995,382996,382997,382998,382999,383000,383001,383002,383003,383004,383005,383006,383007,383008,383009,383010,383011,383012,383013,383014,383015,383016,383017,383018,741296
144497,144498,144499,144500,144501,144502,144503,144504,144505,144506,144507,144508,144509,144510,144511,144512,144513,144514,144515,144516,144517,144518,144519,144520,144521,144522,144523,144524,144525,144526,144527,144528,144529,144530,144531,144532,144533,144534
EMPTY
616799,616800,616801,616802,616803,616804,616805,616806,616807,616808,616809,616810,616811,616812,616813,616814,616815
EMPTY
613862,613863,613864,613865,613866,613867,613868,613869,613870,613871,613872,613873,613874,613875,613876,613877,613878,613879,613880,613881,613882,613883,613884,613885,613886,613887,613888,613889,613890,613891,613892,613893,613894,613895,613896,613897,613898,613899,613900,613901,613902,613903,613904,613905,613906,613907,613908,613909,613910,613911,613912,613913,613914,613915,613916,613917,613918,613919,613920,613921,613922,613923
EMPTY
EMPTY
876886,876887,876888,876889,876890,876891,876892,876893,876894,876895,876896,876897,876898,876899,876900,876901,876902,876903,876904,876905,876906,876907,876908,876909,876910,876911,876912,876913,876914,876915,876916,876917,876918,876919,876920,876921,876922,876923,876924,876925,876926,876927,876928,876929,876930,876931,876932,876933,876934,876935,876936,876937,876938,876939,876940,876941,876942,876943
197531
EMPTY
EMPTY
EMPTY
128189,167611,167612,167613,167614,167615,167616,167617,167618,167619,167620,167621,167622,167623,167624,167625,167626,167627,167628,167629,167630,167631,167632,167633,167634,167635,167636,167637,712458,712459,712460,712461,712462,712463,712464,712465,712466,712467,712468,712469,712470,712471,712472,712473,712474,712475,712476,712477,712478,712479,712480,712481,712482,712483,712484,712485,712486,712487,712488,712489,712490,712491,712492,712493,712494,712495,712496,712497,712498,712499,712500,712501,712502,712503,712504,712505,712506,712507,712508,712509,712510,712511,712512,712513,712514,712515,712516,712517,712518,712519,712520,712521,712522,712523,712524,712525,712526,712527,712528,712529,712530,712531,712532,712533,712534,712535,712536,712537,712538,712539,712540,712541,712542,712543,712544,712545,712546,712547,712548,712549,712550,712551,712552,712553,948671
EMPTY
EMPTY
EMPTY
EMPTY
230296,230297,230298,230299,230300,230301,230302,230303,230304,230305,230306,230307,230308,230309,230310,230311,230312,230313,230314,230315,230316,230317,230318,230319,230320,230321,230322,230323,230324,230325,230326,230327,230328,230329,230330,230331,230332,230333,230334,230335,230336,230337,230338,230339,230340,230341,230342,230343,230344,230345,230346,230347,230348,230349,230350,230351,230352,230353,230354,852520,852521,852522,852523,852524,852525,852526,852527,852528,852529,852530,852531,852532,852533,852534,852535,852536,852537,852538,852539,852540,852541,852542,852543,852544,852545,852546,852547,852548,852549,852550,852551,852552,852553,852554,852555,852556,852557,852558,852559,852560,852561,852562,852563,852564,852565,852566,852567,852568,852569,852570,852571,852572,852573,852574,852575,852576,852577,852578,852579,852580,852581,852582,852583,852584,852585,852586,852587,852588,852589,852590,852591,852592,852593,852594,852595,852596,852597,852598,852599
EMPTY
EMPTY
EMPTY
771640
EMPTY
275210,275211,275212,275213,275214,275215,275216,275217,275218,275219,275220,275221,275222,275223,275224,275225,275226,275227,275228,275229,275230,275231,275232,275233,275234,275235,275236,275237,275238,275239,275240,275241,275242,275243
EMPTY
EMPTY
EMPTY
325758,466366,466367,466368,466369,466370,466371,466372,466373,466374,466375,466376,466377,466378,466379,466380,466381,466382,466383,466384,466385,466386,466387,466388,466389,466390,466391,466392,466393,466394,466395,466396,466397,466398,466399,466400,466401,466402,466403,466404,466405,466406,466407,466408,466409,466410,466411,466412,466413,594105,868289,868290,868291,868292,868293,868294,868295,868296,868297,868298,868299,868300,868301,868302,868303,868304,868305,868306,868307,868308,868309,868310,868311,868312,868313,868314,868315,868316,868317,868318,868319,868320,868321,868322,868323,868324,868325,868326,868327,868328,868329,868330,868331,868332,868333,868334,868335,868336,868337,868338,868339,868340,868341,868342,868343,868344,868345,868346,868347,868348,868349,868350,868351,868352,868353,868354,868355,868356,868357,868358,868359,868360,868361,868362,868363,868364,868365,868366,868367,868368,868369,868370,868371,868372,868373,868374,868375,868376,868377,868378,868379,868380,868381,868382,868383
242975,242976,242977,242978,242979,242980,242981,242982,242983,242984,242985,242986,242987,242988,242989,242990,242991,242992,242993,242994,242995
413406
EMPTY
EMPTY
EMPTY
145937,145938,145939,145940,145941,145942,145943,145944,145945,145946,145947,145948,145949,145950,145951,145952,145953,145954,145955,145956,145957,145958,145959,145960,145961,145962,145963,145964,145965,145966,145967,145968,145969,145970,145971,145972,145973,145974,145975,145976,669940
289382,289383,289384,289385,289386,289387,289388,289389,289390
EMPTY
EMPTY
EMPTY
EMPTY
EMPTY
717232
EMPTY
509715,509716,509717,509718,509719,509720,509721,509722,509723,509724,509725,509726,509727,509728,509729,509730,509731,509732,509733,509734,509735,509736,509737,509738,509739,509740,509741,509742,509743,509744,509745,509746,509747,509748,509749,509750,509751,509752,509753,509754,509755,509756,509757,509758,509759,509760,509761,509762,509763,509764,509765,509766,509767,509768,509769,509770,509771,509772,509773,509774,509775,509776,509777,509778,509779,509780,509781,509782,509783
EMPTY
EMPTY
106446,106447,106448,106449,106450,106451,106452,106453,106454,106455,106456,106457,106458,106459,106460,106461,106462,106463,106464,106465,106466,106467,106468,106469,106470,106471,106472,106473,106474,106475,106476,106477,106478,106479,106480,106481,106482,106483,106484,106485,500674,500675,500676,500677,500678,500679,500680,500681,500682,500683,500684,500685,500686,500687,500688,500689,500690,500691,500692,500693,500694,500695,500696,500697,500698
EMPTY
EMPTY
404892
EMPTY
405327
890733,890734,890735,890736,890737,890738,890739,890740,890741,890742,890743,890744,890745,890746,890747,890748,890749,890750,890751,890752,890753,890754,890755,890756,890757,890758,890759,890760,890761,890762,890763,890764,890765,890766,890767,890768,890769,890770,890771,890772,890773,890774,890775,890776,890777,890778,890779,890780,890781,890782,890783,890784,890785,890786,890787,890788,890789,890790,890791,890792,890793,890794,890795,890796,890797,890798,890799,890800,890801,890802,890803
EMPTY
EMPTY
EMPTY
528557,528558,528559,528560,528561,528562,528563,528564,528565,528566,528567,528568,528569,528570,528571,528572,528573,528574,528575,528576,822877,949606,949607,949608,949609,949610,949611,949612,949613
407241
EMPTY
203627
123462,435689,435690,435691,435692,435693,435694,435695,435696,435697,435698,435699,435700,435701,435702,435703,435704,435705,435706,435707,435708
391942,909512,909513,909514,909515,909516,909517,909518,909519,909520,909521,909522,909523,909524,909525,909526,909527,909528,909529,909530,909531,909532,909533,909534,909535,909536,909537,909538,909539,909540,909541,909542,909543,909544,909545,909546,909547,909548,909549,909550,909551,909552,909553,909554,909555,909556,909557,909558,909559,909560,909561,909562,909563,909564,909565,909566,909567,909568,909569,909570,909571,909572,909573,909574,909575,909576,909577,909578
652991
814439
EMPTY
EMPTY
EMPTY
455832,455833,455834,455835,455836,455837,455838,455839,455840,455841,455842,455843,455844,455845,455846,455847,455848,455849,455850,455851,455852,455853,455854,455855,455856,455857,455858,455859,455860,455861,455862,455863,455864,455865,455866,455867,455868,455869,455870,455871,455872,455873,455874,455875,455876,455877,455878,455879,455880,455881,455882,455883,455884,455885,455886,455887,455888,455889,455890,455891,455892,455893,455894,455895,455896,455897,455898,455899,455900,455901,455902,455903,455904,455905,455906,455907,455908,455909,455910,455911,455912,455913,455914,455915,455916,455917,455918,455919,455920,455921,455922,455923,455924,572866,572867,572868,572869,572870,572871,572872,572873,572874,572875,572876,572877,572878,572879,572880,572881,572882,572883,572884,572885,572886,572887,572888,572889,572890,572891,572892,572893,572894,572895,572896,572897,572898,572899,572900,572901,572902,572903,572904,572905,572906,572907,572908,572909,572910,572911,572912,572913,572914,572915,572916,572917,572918,572919,572920,572921,572922,572923,572924
EMPTY
EMPTY
974711
EMPTY
EMPTY
EMPTY
EMPTY
577510,577511,577512,577513,577514,577515,577516,577517,577518,577519,577520,577521,577522,577523,577524,577525,577526,577527,577528,577529,577530,577531,577532,577533,577534,577535,577536,577537,577538,577539,577540,577541,577542,577543,577544,577545,577546,577547,577548,577549,577550,577551,577552,577553,577554,577555,577556,577557,577558,577559,577560,577561,577562,577563,577564,577565,577566
EMPTY
EMPTY
EMPTY
976166,976167,976168,976169,976170,976171,976172,976173,976174,976175,976176,976177,976178,976179,976180,976181,976182,976183,976184,976185,976186,976187,976188,976189,976190,976191,976192,976193,976194,976195,976196,976197
315433,934696,934697,934698,934699,934700,934701,934702,934703,934704,934705,934706,934707,934708,934709,934710,934711,934712,934713,934714,934715,934716,934717,934718,934719,934720,934721,934722,934723,934724,934725,934726,934727,934728,934729,934730,934731,934732,934733,934734,934735,934736,934737,934738,934739,934740,934741,934742,934743,934744,934745,934746,934747,934748,934749,934750,934751,934752,934753,934754,934755,934756,934757
147209,147210,147211,147212,147213,147214,147215,147216,147217,147218,147219,147220,147221,147222,147223,147224,147225,147226,147227,147228,147229,147230,147231,147232,147233,147234,147235
EMPTY
EMPTY
276597,276598,276599,276600,276601,276602,276603,276604,276605,276606,276607,276608,276609,276610,276611,276612,276613,276614,276615,276616,276617,276618,276619,276620,276621,276622,276623,276624,276625,276626,276627,276628,276629,276630,276631,276632,276633,276634,276635,276636,276637,276638,276639,276640,276641,276642,276643,276644,493457,493458,493459,493460,493461,493462,493463,493464,493465,493466,493467,493468,493469,493470,493471,493472,493473,493474,493475,493476,493477,493478,493479,493480,493481,493482,493483,493484,493485,493486,493487,493488,493489,493490,493491,493492,493493,493494,493495,493496,493497,493498,493499,493500,493501,493502,493503,493504,493505,493506,493507,493508,493509,493510,493511,493512,493513,493514,493515,493516,493517,493518,493519,493520,493521,493522,493523,493524,493525,493526,493527,493528,493529,493530,493531,493532,493533,493534,493535,493536,493537,493538,493539,493540,493541,493542
878945
EMPTY
EMPTY
969544,969545,969546,969547,969548,969549,969550,969551,969552,969553,969554,969555,969556,969557,969558,969559,969560,969561,969562,969563,969564,969565,969566,969567,969568,969569,969570,969571,969572,969573,969574,969575,969576,969577,969578,969579,969580,969581,969582,969583,969584,969585,969586,969587,969588,969589,969590,969591,969592,969593,969594,969595,969596,969597,969598,969599,969600,969601,969602,969603,969604,969605,969606,969607,969608,969609,969610,969611,969612,969613,969614,969615,969616,969617,969618,969619,969620,969621,969622,969623,969624,969625,969626,969627,969628,969629,969630,969631,969632,969633,969634,969635,969636
EMPTY
394102,443960,443961,443962,443963,443964,443965,443966,443967,443968,443969,443970,443971,443972,443973,443974
EMPTY
932508
797268
EMPTY
EMPTY
EMPTY
EMPTY
EMPTY
390576
EMPTY
EMPTY
EMPTY
EMPTY
579439,579440,579441,579442,579443,579444,579445,579446,579447,579448,579449,579450,579451,579452,579453,579454,579455,579456,579457,579458,579459,579460,579461,579462,579463,579464,579465,579466,579467,579468,579469,579470,579471,579472,579473,579474,579475,579476,579477,579478,579479,579480,579481,579482,579483,579484,579485,579486,579487,579488,579489,579490,579491,579492,579493,579494,579495,579496,579497,579498,579499,579500,579501,579502,579503,579504,579505,579506,579507,579508,579509,579510,579511,579512,579513,579514,579515,579516,579517,579518,579519
EMPTY
EMPTY
710388
EMPTY
EMPTY
EMPTY
124916,264325,264326,264327,264328,264329,264330,264331,264332,264333,264334,264335,264336,264337,264338,264339,264340,264341,264342,264343,264344,264345,264346,264347,264348,264349,264350,264351,264352,264353,264354,264355,264356,264357,264358,264359,264360,264361,264362,264363,264364,264365,264366,264367,264368,264369,264370,264371,264372,264373,264374,264375,264376,264377,264378,264379,264380,602409,631584
EMPTY
771640
EMPTY
EMPTY
EMPTY
EMPTY
EMPTY
EMPTY
EMPTY
EMPTY
658676,932258
TCDYN
580933,978448
EMPTY
EMPTY
961598
EMPTY
EMPTY
EMPTY
EMPTY
EMPTY
EMPTY
EMPTY
388385,388386,388387,388388,388389,388390,388391,388392,388393,388394,388395,388396,388397,388398,388399,388400,388401,388402,388403,388404,388405,388406,388407,388408,388409,388410,388411,388412,388413,388414,388415,388416,388417,388418,388419,388420,388421,388422,388423,388424,388425,388426,388427,388428,388429,388430,388431,388432,388433,388434,388435,388436,388437,388438,388439,388440,388441,388442,594268,758228,758229,758230,758231,758232,758233,758234,758235,758236,758237,758238,758239,758240,758241,758242,758243,758244,758245,758246,818190,818191,818192,818193,818194,818195,818196,818197,818198,818199,818200,818201,818202,818203,818204,818205,818206,818207,818208,818209,818210,818211,818212,818213,818214,818215,818216,818217,818218,818219,818220,818221,818222,818223,818224,818225,818226,818227,818228,818229,818230,818231,818232,818233,818234,818235,818236,818237,818238,818239,818240,818241,818242,818243,818244,818245,818246,818247,818248,818249,818250,818251,818252,818253,818254,818255,818256,818257,818258,818259,818260,818261,818262,818263,818264,818265
EMPTY
EMPTY
EMPTY
EMPTY
583366,583367,583368,583369,583370,583371,583372,583373,583374,583375,583376,583377,583378,583379,583380,583381,583382,583383,583384,583385,583386,583387,583388,583389,583390,583391,583392,583393,583394,583395,583396,583397,583398,583399,583400,583401,583402,583403,583404,583405,583406,583407,583408,583409,583410,583411,583412,583413,583414,583415,583416,583417,583418,583419,638309
EMPTY
EMPTY
EMPTY
EMPTY
363310,436780,436781,436782,436783,436784,436785,436786,436787,436788,436789,436790,436791,436792,436793,436794,436795,436796,436797,436798,436799,436800,436801,436802,436803,436804,436805,436806,436807,436808,436809,436810,436811,436812,436813,436814,436815,436816,436817,436818,436819,436820,436821,436822,436823,436824,436825,436826,436827,436828,436829,436830,436831,436832,436833,436834,436835,436836,436837,436838,436839,436840,436841,436842,436843,436844,436845,436846,436847,436848,436849,436850,436851,436852,436853,436854,436855,436856,436857,436858,436859,436860,436861,436862,436863,436864,436865,436866,436867,574903,797997
EMPTY
325570,325571,325572,325573,325574,325575,325576,705532
490151,490152,490153,490154,490155,490156,490157,490158,490159,490160,490161,490162,490163,490164,490165,490166,490167,490168,490169,490170,490171,490172,490173,490174,490175,490176,490177,490178,490179,490180,490181,490182,490183,490184,490185,490186,490187,490188,490189,490190,490191,490192,490193,490194,490195,490196,490197,490198,490199,490200,490201,490202,490203,490204,490205,490206,490207,490208,490209,490210,490211,490212,490213,490214,490215,490216,490217,490218,490219,490220,490221,490222,490223,490224,490225,490226,490227,490228,490229,490230,490231,490232,490233,600933,600934,600935,600936,600937,600938,600939,600940,600941,600942,600943,600944,600945,600946,600947,600948,600949,600950,600951,600952,600953,600954,600955,600956,600957,600958,600959,600960,600961,600962,600963,600964,600965,600966,600967,600968,808907,808908,808909,808910,808911,808912,808913,808914,808915,808916,808917,808918,808919,808920,808921,808922,808923,808924,808925,808926,808927,808928,808929,808930,808931,808932,808933,808934,808935,808936,808937,808938,808939,808940,808941,808942,808943,808944,808945,808946,808947,808948,808949,808950,808951,808952,808953,808954,808955,808956,808957,808958,808959,808960,808961,808962,808963,808964,808965,808966,808967,808968,808969,808970,808971,808972,808973,808974,808975,808976,808977,808978,808979,808980,808981,808982,808983,808984,808985,808986,808987,808988,916041,916042,916043,916044,916045,916046,916047,916048,916049,916050,916051,916052,916053,916054,916055,916056,916057,916058,916059,916060,916061,916062,916063,916064,916065,916066,916067,916068,916069,916070,916071,916072,916073,916074,916075,916076,916077,916078,916079,916080,916081,916082,916083,916084,916085,916086,916087,916088,916089,916090,916091,916092,916093,916094,916095,916096,916097,916098,916099,916100,916101,916102,916103,916104,916105,916106,916107,916108,916109,916110,916111,916112,916113,916114,916115,916116,916117,916118,916119,916120,916121,916122,916123,916124,916125,916126,916127,916128,916129,916130,916131,916132,916133,916134,916135,916136,916137,916138
560994,560995,560996,560997,560998,560999,561000,561001,561002,561003,561004,561005,561006,561007,561008,561009,561010,561011,561012,561013,561014,561015,561016,561017,561018,561019,561020,561021,561022,561023,561024,561025,561026,561027,561028,561029,561030,561031,561032,561033,561034,561035,561036,561037,561038,561039,561040,561041,561042,561043,561044,561045,561046,561047,561048,561049,561050,561051,561052,561053,561054,561055,561056,561057,561058,561059,561060,561061,561062,561063,561064,561065,561066,561067,561068,561069,561070,561071,561072,561073,561074,561075,561076,561077,561078,632600,632601,632602,632603,632604,632605,632606,632607,632608,632609,632610,632611,632612,632613,632614,632615,632616,632617,632618,632619,632620,632621,632622,632623,632624,632625,632626,632627,632628,632629,632630,632631,632632,632633,632634,632635,632636,632637,632638,680751,847810
EMPTY
EMPTY
EMPTY
EMPTY
EMPTY
648399,838891
EMPTY
EMPTY
EMPTY
EMPTY
EMPTY
EMPTY
EMPTY
EMPTY
EMPTY
EMPTY
EMPTY
EMPTY
EMPTY
EMPTY
EMPTY
960306
673468,673469,673470,673471,673472,673473,673474,673475,705896
EMPTY
EMPTY
814439
264938,264939,264940,264941,264942,264943,264944,264945,264946,264947,264948,264949,264950,264951,264952,264953,264954,264955,264956,264957,264958,264959,264960,264961,264962,264963,264964,264965,264966,264967,264968,264969,264970,264971,264972,264973,264974,264975,264976,264977,264978,264979,264980,264981,264982,264983,264984,264985,264986,264987,264988,264989,264990,264991,264992,264993,264994,264995,264996,264997
666027,676671
535420,794597
365471,906514,906515,906516,906517,906518,906519,906520,906521,906522,906523,906524,906525,906526,906527,906528,906529,906530,906531,906532,906533,906534,906535,906536,906537,906538,906539,906540,906541,906542,906543,906544,906545,906546,906547,906548,906549,906550,906551,906552,906553,906554,906555,906556,906557,906558,906559,906560,906561
374970
EMPTY
EMPTY
EMPTY
EMPTY
364075,478362,730154
EMPTY
EMPTY
EMPTY
EMPTY
500326
EMPTY
EMPTY
EMPTY
EMPTY
EMPTY
EMPTY
EMPTY
215143,688229,688230,688231,688232,688233,688234,688235,688236,688237,688238,688239,688240,688241,688242,688243,688244,688245,688246,688247,688248,688249,688250,688251,688252,688253,688254,688255,688256,688257,688258,688259,688260,688261,688262,688263,688264,688265,688266,688267,688268,688269,688270,688271,688272,688273,688274,688275,688276,688277,688278,688279,688280,688281,688282,688283,688284,688285,688286,688287,688288,688289,688290,688291,688292,688293,688294,688295,688296
EMPTY
EMPTY
EMPTY
171257
275272,275273,275274,275275,275276,275277,275278,275279,275280,275281,275282,275283,275284,275285,275286,275287,275288,275289,275290,275291,275292,275293,275294,275295,275296
364169,364170,364171,364172,364173,364174,364175,364176,364177,364178,364179,364180,364181,364182,364183,364184,364185,364186,364187,364188,364189,364190,364191,364192,364193,364194,364195,364196,364197,364198,364199,364200,364201,364202,364203,364204,364205,364206,364207,364208,364209,364210,364211,364212,364213,364214,364215,364216,364217,364218,364219,364220,364221,364222,364223,364224,364225,364226,364227,364228,364229,364230,364231,364232,364233,364234,364235,364236,364237,364238,364239,364240,364241,364242,364243,364244,364245,364246,364247,364248,364249,364250,364251,364252,364253,364254,364255,364256,364257,364258,364259,364260
EMPTY
EMPTY
EMPTY
840118,840119,840120,840121,840122,840123,840124,840125,840126,840127,840128,840129,840130,840131,840132,840133,840134,840135,840136,840137,840138,840139,840140,840141,840142,840143,840144,840145,840146,840147,840148,840149,840150,840151,840152,840153,840154,840155,840156,840157,840158,840159,840160,840161,840162,840163,840164,840165,840166,840167,840168,840169,840170,840171,840172,840173,840174,840175,840176,840177,840178,840179,840180,840181,840182,840183,840184,840185,840186,840187,840188,840189,840190,840191,840192,840193,840194,840195,840196,840197,840198,840199,840200,840201,840202,840203,840204,840205,840206,840207,840208,840209,840210,840211,840212
660360,660361,660362,660363,660364,660365,660366,660367,660368,660369,660370,660371,660372,660373,660374,660375,660376,660377,660378,660379,660380
EMPTY
158755
230296,230297,230298,230299,230300,230301,230302,230303,230304,230305,230306,230307,230308,230309,230310,230311,230312,230313,230314,230315,230316,230317,230318,230319,230320,230321,230322,230323,230324,230325,230326,230327,230328,230329,230330,230331,230332,230333,230334,230335,230336,230337,230338,230339,230340,230341,230342,230343,230344,230345,230346,230347,230348,230349,230350,230351,230352,230353,230354,852520,852521,852522,852523,852524,852525,852526,852527,852528,852529,852530,852531,852532,852533,852534,852535,852536,852537,852538,852539,852540,852541,852542,852543,852544,852545,852546,852547,852548,852549,852550,852551,852552,852553,852554,852555,852556,852557,852558,852559,852560,852561,852562,852563,852564,852565,852566,852567,852568,852569,852570,852571,852572,852573,852574,852575,852576,852577,852578,852579,852580,852581,852582,852583,852584,852585,852586,852587,852588,852589,852590,852591,852592,852593,852594,852595,852596,852597,852598,852599
EMPTY
EMPTY
141435
EMPTY
EMPTY
EMPTY
578655,578656,578657,578658,578659,578660,578661,578662,578663,578664,578665,578666,578667,578668,578669,578670,578671,578672,578673,578674,578675,578676,578677,578678,578679,578680,578681,578682,578683,578684,578685,578686,578687,578688,578689,578690,578691,578692,578693,578694,578695,578696,578697,578698,578699,578700,578701,578702,578703,578704,578705,578706,578707,578708,578709,578710,578711,578712,578713,877309
EMPTY
787032,787033,787034,787035,787036,787037,787038,787039,787040,787041,787042,787043,787044,787045,787046,787047,787048,787049,787050,787051,787052,787053,787054,787055
EMPTY
221372,221373,221374,221375,221376,221377,221378,221379,221380,221381,221382,221383,221384,221385,221386,221387,221388,221389,221390,221391,221392,221393,221394,221395,221396
EMPTY
EMPTY
EMPTY
EMPTY
EMPTY
EMPTY
EMPTY
EMPTY
EMPTY
528557,528558,528559,528560,528561,528562,528563,528564,528565,528566,528567,528568,528569,528570,528571,528572,528573,528574,528575,528576,822877,949606,949607,949608,949609,949610,949611,949612,949613
EMPTY
EMPTY
EMPTY
EMPTY
384580
OOENYZEBTB
710388
EMPTY
137024,554922,554923,554924,554925,554926,554927,554928,554929,554930,554931,554932,554933,554934,554935,554936,554937,554938,554939,554940,554941,554942,554943,554944,554945,554946,554947,554948,554949,554950,554951,554952,554953,554954,554955,554956,554957,554958,554959,554960,554961,554962,554963,554964,554965,554966,554967,554968,554969,554970,554971,554972,554973,554974,554975,554976,554977,554978,554979,554980,554981,554982,554983,554984,554985,554986,554987,554988,554989,554990,554991,554992,554993,554994,554995,554996,554997,554998,554999,555000,555001,555002,555003,555004,555005,555006,555007,555008,555009,555010,555011,555012,555013,555014,555015,555016,555017,555018,555019,555020
EMPTY
669011,669012,669013,669014,669015,669016,669017,669018,669019,669020,669021,669022,669023,669024,669025,669026,669027,669028,669029,669030,669031,669032,669033,669034,669035,669036,669037,669038,669039,669040,669041,669042,669043,669044,669045,669046,669047,669048,669049,669050,669051,669052,669053,669054,669055,669056
EMPTY
EMPTY
EMPTY
EMPTY
EMPTY
EMPTY
EMPTY
EMPTY
597147,597148,597149,597150,597151,597152,597153,597154,597155,597156,597157,597158,597159,597160,597161,597162,597163,597164,597165,597166,597167,597168,597169,597170,597171,597172,597173,597174,597175,597176,597177,597178,597179,597180,597181,597182,597183,597184,597185,597186,597187,597188,969540,969541,969542,969543,969544,969545,969546,969547,969548,969549,969550,969551,969552,969553,969554,969555,969556,969557,969558,969559,969560,969561,969562,969563,969564,969565,969566,969567,969568,969569,969570,969571,969572,969573,969574,969575,969576,969577,969578,969579,969580,969581,969582,969583,969584,969585,969586,969587,969588,969589,969590,969591,969592,969593,969594,969595,969596,969597,969598,969599,969600,969601,969602,969603,969604,969605,969606,969607,969608,969609,969610,969611,969612,969613,969614,969615,969616,969617,969618,969619,969620,969621,969622,969623,969624
EMPTY
EMPTY
188667
EMPTY
EMPTY
EMPTY
EMPTY
EMPTY
EMPTY
EMPTY
EMPTY
EMPTY
145257,145258,145259,145260,145261,145262,145263,145264,145265,145266,145267,145268,145269,145270,145271,145272,145273,145274,145275,145276,145277,145278,145279,145280,145281,145282,145283,145284,145285,145286,145287,145288,145289,815125
EMPTY
EMPTY
EMPTY
EMPTY
EMPTY
EMPTY
215143,688229,688230,688231,688232,688233,688234,688235,688236,688237,688238,688239,688240,688241,688242,688243,688244,688245,688246,688247,688248,688249,688250,688251,688252,688253,688254,688255,688256,688257,688258,688259,688260,688261,688262,688263,688264,688265,688266,688267,688268,688269,688270,688271,688272,688273,688274,688275,688276,688277,688278,688279,688280,688281,688282,688283,688284,688285,688286,688287,688288,688289,688290,688291,688292,688293,688294,688295,688296
407241
314217
EMPTY
EMPTY
863105,866359
EMPTY
APRNLP
EMPTY
EMPTY
EMPTY
EMPTY
EMPTY
EMPTY
EMPTY
EMPTY
267148
304206
EMPTY
EMPTY
EMPTY
EMPTY
EMPTY
EMPTY
105038
EMPTY
EMPTY
EMPTY
GQBKBQ
404892
EMPTY
EMPTY
EMPTY
EMPTY
EMPTY
878945
EMPTY
648399,838891
EMPTY
490871
787306
142408
EMPTY
EMPTY
EMPTY
171257
892094,892095,892096,892097,892098,892099,892100,892101,892102,892103,892104,892105,892106,892107,892108,892109,892110,892111,892112,892113,892114,892115,892116,892117,892118,892119,892120,892121,892122,892123,892124,892125,892126,892127,892128,892129,892130,892131,892132,892133,892134,892135,892136,892137,892138,892139,892140,892141,892142,892143,892144,892145,892146,892147,892148,892149,892150,892151,892152,892153,892154,892155,892156,892157,892158
EMPTY
EMPTY
EMPTY
EMPTY
EMPTY
EMPTY
EMPTY
EMPTY
EMPTY
805066
EMPTY
453508,453509,453510,453511,453512,453513,453514,453515,453516,453517,453518,453519,453520,453521,453522,453523,453524,453525,453526,453527,453528,453529,453530,453531,453532,453533,453534,453535,453536,453537,453538,453539,453540,453541,453542
EMPTY
293545,293546,293547,293548,293549,293550,293551,293552,907638
173340,173341,173342,173343,173344,173345,703128,703129,703130,703131,703132,703133,703134,703135,703136,703137,703138,703139,703140,703141,703142,703143,703144,703145,703146,703147,703148,703149,703150,703151,703152,703153,703154,703155,703156,703157,703158,703159,703160,703161,703162,703163,703164,703165,703166,703167,703168,703169,703170,703171,703172,703173,703174,703175,703176,703177,703178,703179,703180,703181,703182,703183,703184,703185,703186,703187,703188,703189,703190,703191,703192,703193,703194,703195,703196,703197,703198
EMPTY
101028
291145,942954
EMPTY
EMPTY
192342,192343,192344,192345,192346,192347,192348,192349,192350,192351,192352,192353,192354,192355,192356,192357,192358,192359,192360,192361,192362,192363,192364,192365,192366,192367,192368,192369,192370,192371,192372,192373,192374,192375,192376,192377,192378,192379,192380,192381,192382,192383,192384,192385,192386,192387,192388,192389,192390,192391,192392,992235
EMPTY
EMPTY
158755
