139620,429554,592718
EMPTY
161979,161980,161981,161982,161983,161984,161985,161986,161987,161988,161989,161990,161991,993069,993070,993071,993072,993073,993074,993075,993076,993077,993078,993079,993080,993081,993082,993083,993084,993085,993086,993087,993088,993089,993090,993091,993092,993093,993094,993095,993096,993097,993098,993099,993100,993101
EQPFZPMOZ
673553,673554,673555,673556,673557,673558,673559,673560,673561,673562,673563,673564,673565,673566,673567,673568,673569,673570
OCTIILRDO
EMPTY
EMPTY
501561
EMPTY
658620
FHOWCL
419030,419031,419032,419033,419034,419035,419036,419037,419038,419039,419040,419041,419042,419043,419044,419045,419046,419047,419048,419049,419050,419051,583237,583238,583239,583240,583241,583242,583243,583244,583245,583246,583247,583248,583249,583250,583251,583252,583253,583254,583255,583256,583257,583258,583259,583260,583261,583262,583263,583264,583265,583266,583267,583268,583269,583270
OPOANUFJJR
191612,191613,191614,191615,191616,191617,191618,191619,191620
QVQSIV
322468,766084,766085,766086,766087,766088,766089,766090,766091,766092,766093,766094,766095,766096,766097,766098,766099,766100,766101,766102,766103,766104,766105,766106,766107,766108,766109,766110,766111,766112,766113,766114,766115,766116,766117,766118,766119,766120,766121,766122,766123,766124,766125,766126,766127,766128,766129,766130,766131,766132,766133,766134,766135,766136,766137,766138,766139,766140,766141,766142,766143,766144,766145,766146,766147,766148,766149,766150,766151,766152,766153,766154,766155,766156,766157,766158,766159,766160,766161,766162,766163,766164,766165,766166,766167
MGGXI
331616,721234,721235,721236,721237,721238,721239,721240,721241,721242,721243,721244,721245,721246,721247,721248,721249,721250,721251,721252,721253,721254,721255,721256,721257,721258,721259,721260,721261,721262,721263,721264,721265,721266,721267,721268,721269,721270,721271,721272,721273
GAVFWQ
521936
BABRHX
843746
EMPTY
521936
BABRHX
EMPTY
EMPTY
750573
PEZPO
649732
QGZEK
107198,107199,107200,107201,107202,107203,107204,107205,107206,107207,107208,107209,107210,107211,107212,107213,107214,107215,107216,107217,107218,107219,107220,107221,107222,107223,107224,107225,107226,107227,107228,107229,107230,107231,107232,107233,107234,107235,107236,107237,107238,107239,107240,107241,107242,107243,107244,107245,107246,107247,107248,107249,107250,107251,107252,107253,107254,107255,107256,107257,107258,107259,107260,107261,107262,107263,107264,107265,107266,107267,107268,107269,107270,107271,107272,107273,107274,107275,107276,107277
EMPTY
EMPTY
EMPTY
614465,615531,615532,615533,615534,615535,615536,615537,615538,615539,615540,615541,615542,615543,615544,615545,615546,615547,615548,615549,615550,615551,615552,615553,615554,615555,615556,615557,615558,615559,615560,615561,615562,615563,615564,615565,615566,615567,615568,615569,615570,615571,615572,615573,615574,615575
NZISL
531909
SBUYMGV
749020
ODYNDFAAG
696951
EMPTY
EMPTY
EMPTY
EMPTY
EMPTY
576753,576754,576755,576756,576757,576758,576759,576760,576761,576762,576763,576764,576765,576766,576767,576768,576769,576770,576771,576772,576773,576774,576775,576776,576777,576778,576779,576780,576781,576782,576783,576784,576785,576786,576787,576788,576789,576790,576791,576792,576793,576794,576795,576796,576797,576798,576799,576800,576801,576802,576803,576804,576805,576806,576807,576808,576809,576810,576811,576812,576813,576814,576815,576816,576817,576818,576819,576820,576821,576822,576823,576824,576825,576826,576827,576828,576829,576830,576831,576832,576833
EMPTY
EMPTY
EMPTY
378847
AWEAQADW
649732
EMPTY
152355,556968
QMTYU
649732
QGZEK
361141,361142,361143,361144,361145,361146,361147,361148,361149,361150,361151,361152,361153,361154,361155,361156,361157,361158,361159,361160,361161,361162,361163,361164,361165,361166,361167,361168,361169,361170,361171,361172,361173,361174,361175,361176,361177,361178,361179,361180,361181,361182,361183,361184,361185,361186,361187,361188,361189,361190,361191,361192,361193,361194,361195,361196,361197,361198,361199,361200,361201,361202,361203,361204,361205,361206,361207,361208,361209,361210
NKQJKN
107198,107199,107200,107201,107202,107203,107204,107205,107206,107207,107208,107209,107210,107211,107212,107213,107214,107215,107216,107217,107218,107219,107220,107221,107222,107223,107224,107225,107226,107227,107228,107229,107230,107231,107232,107233,107234,107235,107236,107237,107238,107239,107240,107241,107242,107243,107244,107245,107246,107247,107248,107249,107250,107251,107252,107253,107254,107255,107256,107257,107258,107259,107260,107261,107262,107263,107264,107265,107266,107267,107268,107269,107270,107271,107272,107273,107274,107275,107276,107277
DEALOHOXY
753574
EMPTY
687437,687438,687439,687440,687441,687442,687443,687444,687445,687446,687447,687448,687449,687450,687451,687452,687453,687454,687455,687456,687457,687458,687459,687460,687461,687462,687463,687464,687465,687466,687467,687468,687469,687470,687471,687472,687473,687474,687475,687476,687477,687478,687479,687480,687481,687482,687483,687484,687485,687486,687487,687488,687489,687490,687491,687492,687493,687494,687495,687496,687497,687498,687499,687500,687501,687502,687503,687504,687505,687506,687507,687508,687509,687510,687511,687512,687513,687514,687515,687516,687517,687518,687519,687520,687521,687522,687523,687524,687525,687526,687527,687528,687529,687530,687531
YHONCZ
304251,357017
AERDCQPMG
843746
UTGWXIGFHU
495994,495995,495996,495997,495998,495999
VWVDGNC
326537
EMPTY
175756,175757,175758,175759,175760,175761,175762,175763,175764,175765,175766,175767,175768,175769,175770,175771,175772,175773,175774,175775,175776,175777,175778,175779,175780,175781,175782,175783,175784,175785,175786,175787,175788,175789,175790,175791,175792,175793,175794,175795,175796,175797,175798,175799,175800,175801,175802,175803,175804,175805,175806,175807,175808
SVZXJI
696951
OXAQXDOT
425624,425625,425626,425627,425628,425629,425630,425631,425632,425633,425634,425635,425636,425637,425638,425639,425640,425641,425642,425643,425644,425645,425646,425647,425648,425649,425650,425651,425652,425653,425654,425655,425656,425657,425658,425659,425660,425661,425662,425663,425664,425665,425666,425667,425668,425669,425670,425671,425672,425673,425674,425675,425676,425677,425678,425679,425680,425681,425682,425683,425684,425685,425686,425687,425688,425689,425690,425691,425692,425693,425694,425695,425696,425697,425698,425699,425700,425701,425702,425703,425704,425705,425706,425707,425708,425709,425710,425711,425712,425713,425714,425715,425716,425717,425718,425719,425720
EMPTY
113045,113046,113047,113048,113049,113050,113051,113052,113053,113054,113055
EMPTY
687437,687438,687439,687440,687441,687442,687443,687444,687445,687446,687447,687448,687449,687450,687451,687452,687453,687454,687455,687456,687457,687458,687459,687460,687461,687462,687463,687464,687465,687466,687467,687468,687469,687470,687471,687472,687473,687474,687475,687476,687477,687478,687479,687480,687481,687482,687483,687484,687485,687486,687487,687488,687489,687490,687491,687492,687493,687494,687495,687496,687497,687498,687499,687500,687501,687502,687503,687504,687505,687506,687507,687508,687509,687510,687511,687512,687513,687514,687515,687516,687517,687518,687519,687520,687521,687522,687523,687524,687525,687526,687527,687528,687529,687530,687531
EMPTY
531909
SBUYMGV
361141,361142,361143,361144,361145,361146,361147,361148,361149,361150,361151,361152,361153,361154,361155,361156,361157,361158,361159,361160,361161,361162,361163,361164,361165,361166,361167,361168,361169,361170,361171,361172,361173,361174,361175,361176,361177,361178,361179,361180,361181,361182,361183,361184,361185,361186,361187,361188,361189,361190,361191,361192,361193,361194,361195,361196,361197,361198,361199,361200,361201,361202,361203,361204,361205,361206,361207,361208,361209,361210
NKQJKN
350461,350462,350463,350464,350465,350466,350467,350468,350469,350470,350471,350472,350473,350474,350475,350476,350477,350478,350479,350480,350481,350482,350483,350484,350485,350486,350487,350488,350489
EMPTY
EMPTY
EMPTY
107198,107199,107200,107201,107202,107203,107204,107205,107206,107207,107208,107209,107210,107211,107212,107213,107214,107215,107216,107217,107218,107219,107220,107221,107222,107223,107224,107225,107226,107227,107228,107229,107230,107231,107232,107233,107234,107235,107236,107237,107238,107239,107240,107241,107242,107243,107244,107245,107246,107247,107248,107249,107250,107251,107252,107253,107254,107255,107256,107257,107258,107259,107260,107261,107262,107263,107264,107265,107266,107267,107268,107269,107270,107271,107272,107273,107274,107275,107276,107277
DEALOHOXY
EMPTY
EMPTY
279882,279883,279884,279885,279886,279887,279888,279889,279890,279891,279892,279893,279894,279895,279896,279897,279898,279899,279900,279901,279902,279903,279904,279905,279906,279907,279908,279909,279910,279911,279912,279913,279914,279915,279916,279917,279918,279919,279920,279921,279922,279923,279924,279925,279926,279927,279928,279929,279930,279931,279932,279933,279934,279935,279936,279937,279938,279939,279940,279941,279942,279943,279944,279945,279946,279947,279948,279949,279950,279951,279952,279953,279954,279955,279956,279957,279958,279959,279960,279961,279962,279963,279964,279965,279966,279967,279968,279969,279970,279971,279972,279973,279974,279975,279976,279977,995506,995507,995508,995509,995510,995511,995512,995513,995514,995515,995516,995517,995518,995519,995520,995521,995522,995523,995524,995525,995526,995527,995528,995529,995530,995531,995532,995533,995534,995535,995536,995537,995538,995539,995540,995541,995542,995543,995544,995545,995546,995547,995548,995549,995550,995551,995552,995553,995554,995555,995556,995557,995558,995559,995560,995561,995562,995563,995564,995565,995566,995567,995568,995569,995570,995571,995572,995573,995574,995575,995576,995577,995578,995579,995580,995581,995582,995583,995584,995585,995586,995587,995588,995589,995590,995591,995592,995593,995594,995595,995596,995597,995598,995599,995600,995601,995602,995603,995604
ZTKDE
