EMPTY
EMPTY
EMPTY
QMRQSW
EMPTY
EMPTY
EMPTY
751952
EMPTY
EMPTY
465900,484923,995641
EMPTY
EMPTY
147055,147056,147057,147058,147059,147060,147061,147062,147063,147064,147065,147066,147067,147068,147069,147070,147071,147072,147073,147074,147075,147076,147077,147078,147079,147080,147081,147082,147083,147084,147085,147086,147087,147088,147089,147090,147091,147092,147093,147094,147095,147096,147097,147098,147099,147100,147101,147102,147103,147104,147105,147106,147107,147108,147109,147110,791332,791333,791334,791335,791336,791337,791338,791339,791340,791341,791342,791343,791344,791345,791346,791347,791348,791349
327534,327535,327536,327537,327538,327539,327540,327541,327542,327543,327544,327545,327546,327547,327548,327549,327550,327551,327552,327553,327554,327555,327556,327557,327558,327559,327560,327561,327562,327563,327564,327565,327566,327567,327568,327569,327570,327571,327572,327573,327574,327575,327576,327577,327578,327579,327580,327581,327582,327583,327584,327585,327586
EMPTY
269503,269504,269505,269506,269507,269508,269509,269510,269511,269512,269513,269514,269515,269516,269517,269518,269519,269520,269521,269522,269523,269524,269525,269526,269527,269528,269529,269530,269531,269532,269533,269534,269535,269536,269537,269538,269539,269540,269541,269542,269543,269544,269545,269546,269547,269548,269549,269550,269551,269552,269553
572394,572395,572396,572397,572398,572399,572400,572401,572402,572403,572404,572405,572406,572407,572408,572409,572410,572411,572412,572413,572414,572415,572416,572417,572418,572419,572420,572421,572422,572423,572424,572425,572426
EMPTY
EMPTY
710437,710438,710439,710440,710441,710442,710443,710444,710445,710446,710447,710448,753763,753764,753765,753766,753767,753768,753769,753770,753771,753772,753773,753774,753775,753776,753777,753778,753779,753780,753781,753782,753783,753784,753785,753786,753787,753788,753789,753790,753791,753792,753793,753794,753795,753796,753797,753798,753799,753800,753801,753802,753803,753804,753805,753806,753807,753808,753809,753810,753811,753812,753813,753814,753815,753816,753817,753818,753819,753820,753821,753822,753823,753824,753825,753826,753827,753828,753829,753830,753831,753832,753833,753834,753835,753836,753837,753838,753839,753840,753841
EMPTY
413481,413482,413483,413484,413485,413486,413487,413488,413489,413490,413491,413492,413493,413494,413495,413496,413497,413498,413499,413500,413501,413502,413503,413504,413505,413506,413507,413508,413509,413510,413511,413512,413513,413514,413515,413516,413517,413518,413519,413520,413521,413522,413523,413524,413525,413526,413527,413528,413529,413530,413531,413532,413533,413534,413535,413536,413537,413538,413539,413540,413541,413542,413543,413544,413545,413546,413547,413548,413549,413550,413551,413552,413553,413554,413555,413556,413557,413558,413559,413560,413561,413562
888732
EMPTY
EMPTY
EMPTY
619112,806355,806356,806357,806358,806359,806360,806361,806362,806363,806364,806365,806366,806367,806368,806369,806370,806371,806372,806373,806374,806375,806376,806377,806378,806379,806380,806381,806382,806383,806384,806385,806386,806387,806388,806389,806390,806391
632684,632685,632686,632687,632688,632689,632690,632691,632692,632693,632694,632695,632696,632697,632698,632699,632700,632701,632702,632703,632704,632705,632706,632707,632708,632709,632710,632711,632712,632713,632714,632715,632716,632717,632718,632719,632720,632721,632722,632723,632724,632725,632726,632727,632728,632729,632730,632731,632732,632733
323557,323558,323559,323560,323561,323562,323563,323564,323565,323566,323567,323568,323569,323570,323571,323572,323573,323574,323575,323576,323577,323578,323579,323580,323581,323582,323583,323584,323585,323586,323587,323588,323589,323590,323591,323592,323593
EMPTY
EMPTY
EMPTY
EMPTY
EMPTY
658963,658964,658965,658966,658967,658968,658969,658970,658971,658972,658973,658974,658975,658976,658977,658978,658979,658980,658981,658982,658983,658984,658985,658986,658987,658988,658989,658990,658991,658992,658993,658994,658995,658996,658997,658998,658999,659000,659001
EMPTY
EMPTY
926156,926157,926158,926159,926160,926161,926162,926163,926164,926165,926166,926167,926168,926169,926170,926171,926172,926173,926174,926175,926176,926177,926178,926179,926180,926181,926182,926183,926184,926185,926186,926187,926188,926189,926190
445132,445133,445134,445135,445136,445137,445138,445139,445140,445141,445142,445143,445144,445145,445146,445147,445148,445149,445150,445151,445152,445153,445154,445155,445156,445157,445158,445159,445160,445161,445162,445163,445164,445165,445166,445167,445168,445169,445170,445171,445172,445173,445174,445175,445176,445177,445178,445179,445180,445181,445182,445183,445184
EMPTY
EMPTY
EMPTY
EMPTY
491421,491422,491423,491424,491425,491426,491427,491428,491429,491430,491431,491432,491433,491434,491435,491436,491437,491438,491439,491440,491441,491442,491443,491444,491445,491446,491447,491448,491449,491450,491451,491452,491453,491454,491455,491456,491457,491458,491459,491460,491461,491462,491463,491464,491465,491466,491467,491468,491469,491470,491471,491472,491473,491474,491475,491476,491477,491478,491479,491480,491481,491482,491483,491484,491485,491486,491487,491488,491489,491490,491491,491492,491493,491494,491495,491496,491497,491498,491499,491500,491501,491502,491503,491504,491505,491506,491507,491508
EMPTY
492314,492315,492316,492317,492318,492319,492320,492321,492322,492323,492324,492325,492326,492327,492328,492329,492330,492331,492332,492333,492334,492335,492336,492337,492338,492339,492340,492341,492342,492343,492344,492345,492346,492347,492348,492349,492350
EMPTY
154103,562457,562458,562459,562460,562461,562462,562463,562464,562465,562466
479452,479453,479454,479455,479456,479457,479458,479459,479460,479461,479462,479463,479464,479465,479466,479467,479468,479469,479470,479471,479472,479473,479474,479475,479476,479477,479478,479479,479480,479481,479482,479483,479484,479485,479486,479487,479488,479489,479490,479491,479492,479493,479494,479495,479496,479497,479498,479499,479500,479501,479502,479503,479504,479505,479506,479507,479508,479509,479510,479511,479512,479513
EMPTY
EMPTY
356135,356136,356137,356138,356139,356140,356141,356142,356143,356144,356145,356146,356147,356148,356149,356150,390001,390002,390003,390004,390005,390006,390007,390008,390009,390010,390011,390012,390013,390014,390015,390016,390017,390018,390019,390020,390021,390022,390023,390024,390025,390026,390027,390028,390029,390030,390031,390032,390033,390034,390035,390036,390037,390038,390039,390040,390041,390042,390043,390044,390045,390046,390047,390048,390049,390050,390051,390052,390053,390054,390055,390056,390057,390058,390059,390060,390061,390062,390063,390064,390065,390066,390067,390068,390069,390070,390071,390072,390073,390074,390075,390076,390077,390078,390079,390080,390081,390082,390083,390084,390085
EMPTY
EMPTY
EMPTY
EMPTY
EMPTY
EMPTY
EMPTY
EMPTY
329800,329801,329802,329803,329804,329805,329806,329807,354986
EMPTY
EMPTY
EMPTY
474239
EMPTY
126481,523976,523977,523978,523979,523980,523981,523982,523983,523984,523985,523986,523987,523988,523989,523990,523991,523992,523993,523994,523995,523996,523997,523998,523999,524000,524001,524002,524003,524004,524005,524006,524007,524008,524009,524010,524011,524012,524013,524014,524015,524016,524017,524018,524019,524020,524021,524022,524023,524024,524025,524026,524027,524028,524029,524030,524031,524032,524033,524034,524035,524036,524037,524038,524039,524040,524041,524042,524043,524044,524045,524046,524047,524048,524049,524050,524051,524052,768519,768520,768521,768522,768523,768524,768525,768526,768527,768528,768529,768530,768531,768532,768533,768534,768535,768536,768537,768538,768539,768540,768541,768542,768543,768544,768545,768546,768547,768548,768549,768550,768551,768552,768553,768554,768555,768556,768557,768558,768559,768560,768561,768562,768563,768564,768565,768566,768567,768568,768569,768570,768571,768572,768573,768574,768575,768576,768577,768578,768579,768580,768581,768582,768583,768584,768585,768586,768587,768588,768589,768590,768591,768592,768593,768594,768595,768596,768597,768598,768599,768600
EMPTY
459797,459798,459799,459800,459801,459802,459803,459804,459805,459806,459807,459808,459809,459810,459811,459812,459813,459814,459815,459816,459817,459818,459819,459820,459821,459822,459823,459824,459825,459826,459827,459828,459829,459830,459831,459832,459833,459834,459835,459836,459837,459838,459839,459840,459841
EMPTY
EMPTY
EMPTY
EMPTY
EMPTY
EMPTY
211892,211893,211894,211895,211896,211897,211898,211899,211900,211901,211902,211903,211904,211905,211906,211907,211908,211909,211910,211911,211912,211913,211914,211915,211916,211917,211918,211919,211920,211921,211922,211923,211924,211925,211926,211927,211928,211929,211930,211931,211932,211933,211934,211935,211936,211937,211938,211939,211940,211941,211942,211943,211944,211945,211946,211947,211948,211949,211950,211951,211952,211953,211954,211955,211956,211957,211958,211959,211960,211961,211962,211963,211964,211965,211966,211967,211968,211969,211970,211971,211972,211973,211974,211975,211976,211977,211978,211979,211980,211981,211982,211983,211984
EMPTY
EMPTY
EMPTY
EMPTY
EMPTY
EMPTY
EMPTY
797891
EMPTY
EMPTY
EMPTY
EMPTY
502496,502497,502498,502499,502500,502501,502502,502503,502504,502505,502506,502507,502508,502509,502510,502511,502512,502513,502514,502515,502516,502517,502518,502519,502520,502521,502522,502523,502524,502525,502526,502527,502528,502529,502530,502531,502532,502533,502534,502535,502536,502537,502538,502539,502540,502541,502542,502543,502544,502545,502546,502547,502548,502549,502550,502551,502552,502553,502554,502555,502556,502557,502558
EMPTY
702522,768248,768249,768250,768251,768252,768253,768254,768255,768256,768257,768258,768259,768260,768261,768262,768263,768264,768265,768266,768267,768268,768269,768270,768271,768272,768273,768274,768275,768276,768277,768278,768279,768280,768281,768282,768283,768284,768285,768286,768287,768288,768289,768290,768291,768292,768293,768294
EMPTY
EMPTY
EMPTY
EMPTY
840015,840016,840017,840018,840019,840020,840021,840022,840023,840024,840025,840026,840027,840028,840029,840030,840031,840032,840033,840034,840035,840036,840037,840038,840039,840040,840041,840042,840043,840044,840045,840046,840047,840048,840049,840050,840051,840052,840053,840054,840055,840056,840057,840058,840059,840060,840061,840062,840063,840064,840065,840066,840067,840068,840069,840070,840071,840072,840073,840074,840075,840076,840077,840078,840079,840080,840081,840082,840083,840084,840085,840086,840087,840088,840089,840090,840091,840092,840093,840094,840095,840096,840097,840098,840099,840100,840101,840102,840103,840104,840105,840106,840107,840108,840109,840110,840111,840112
EMPTY
EMPTY
EMPTY
EMPTY
EMPTY
EMPTY
EMPTY
EMPTY
EMPTY
241955,241956,241957,241958,241959,241960,241961,241962,241963,241964,241965,241966,241967,241968,241969,241970,241971,241972,241973,241974,241975,241976,241977,241978,241979,241980,241981,241982,241983,241984,241985,241986,241987,241988,241989,241990,241991,241992,241993,241994,241995,241996,241997,241998,241999,242000,242001
805504,805505,805506,805507,805508
EMPTY
EMPTY
EMPTY
EMPTY
361560
EMPTY
EMPTY
419287
EMPTY
EMPTY
EMPTY
EMPTY
EMPTY
EMPTY
984940,984941,984942,984943,984944,984945,984946,984947,984948,984949,984950,984951,984952,984953,984954,984955,984956,984957,984958,984959,984960,984961,984962
EMPTY
EMPTY
EMPTY
EMPTY
EMPTY
317215,317216,317217,317218,317219,317220,317221,317222,317223,317224,317225,317226,317227,317228,317229,317230,317231,317232,317233,317234,317235,317236,317237,317238,317239,317240,317241,317242,317243,317244,317245,317246,317247,317248,317249,317250,317251,317252,317253,317254,317255,317256,317257,317258,317259,317260,317261,317262,317263,317264,317265
EMPTY
348843,348844,348845,348846,348847,348848,348849,348850,348851,348852,348853,348854,348855,348856,348857,348858,348859,348860,348861,348862,348863,348864,348865,348866,348867,348868,348869,348870,348871,348872,348873,348874,348875,348876,348877,348878,348879,348880,348881,348882,348883,348884,348885,348886,348887,348888,348889,348890,348891,348892
EMPTY
EMPTY
EMPTY
EMPTY
EMPTY
369620,369621,369622,369623,369624,369625,369626,369627,369628,369629,369630,369631,369632,369633,369634,369635,369636,369637,369638,369639,369640,369641,369642,369643,369644,369645,369646,369647,369648,369649,369650,369651,369652,369653,369654,369655,369656,369657,369658,369659,369660,369661,369662,369663,369664,369665,369666,369667,369668,369669,369670,369671,369672,369673,369674,369675,369676,369677,369678
EMPTY
EMPTY
EMPTY
EMPTY
EMPTY
EMPTY
882119,882120,882121,882122,882123,882124,882125,882126,882127,882128,882129,882130,882131,882132,882133,882134,882135,882136,882137,882138,882139,882140,882141,882142,882143,882144,882145,882146,882147
EMPTY
EMPTY
EMPTY
152629,152630,152631,152632,152633,152634,152635,152636,152637,152638,152639,152640,152641,152642,152643,152644,152645,152646,152647,152648,152649,152650,152651,152652,152653,152654,152655,152656,152657,152658,152659,152660,152661,152662,152663,152664,152665,152666,152667,152668,152669,152670,152671,152672,152673,152674,152675,152676,152677,152678,152679,152680,152681,152682,152683,152684,152685,152686,152687,152688,152689,152690,152691,152692,152693,152694,152695,152696,152697,152698,152699,152700,152701,152702,152703,152704,152705,152706,152707,152708,152709,152710,152711,152712,152713,152714,152715,152716,152717,152718,152719,152720,152721,152722,152723
EMPTY
EMPTY
EMPTY
EMPTY
208741,208742,208743,208744,208745,208746,208747,208748,208749,208750,208751,208752,208753,208754,208755,208756
EMPTY
EMPTY
EMPTY
EMPTY
EMPTY
367948,367949,367950,367951,367952,367953,367954,367955,367956,367957,367958,367959,367960,367961,367962,367963,367964,367965,367966,367967,367968,367969,367970,367971,367972,367973,367974,367975,367976,367977,367978,367979,367980,367981,367982,367983,367984,367985,367986,367987,367988,367989,367990,367991,367992,367993,367994,367995,367996,367997,367998,367999,368000,368001,368002,368003,368004,368005,368006,368007,368008,368009,368010,368011,368012,368013,368014,368015,368016,368017,368018,368019,368020,368021,368022,368023
EMPTY
EMPTY
311533,311534,311535,311536,311537,311538,311539,311540,311541,311542,311543,311544,311545,311546,311547,311548,311549,311550,311551,311552,311553,311554,311555,311556,311557,311558,311559,311560,311561,311562,311563,311564,311565,311566,311567,311568,311569,311570,311571,311572,311573,311574,311575,311576,311577,311578,311579,311580,311581,311582,311583,311584,311585,311586,311587,311588,311589,311590,311591,311592,311593,311594,311595,311596,311597,311598,311599,311600,311601,311602,311603,311604,311605,311606,311607,311608,311609,311610,311611,311612,311613,311614,311615,311616,311617,311618,311619,311620,311621,311622,311623,311624,311625,311626,311627,311628
EMPTY
EMPTY
419518,575685,870400,870401,870402
EMPTY
EMPTY
EMPTY
952883,952884,952885,952886,952887,952888
EMPTY
VLOKR
EMPTY
EMPTY
EMPTY
EMPTY
EMPTY
214090,214091,214092,214093,214094,214095,214096,214097,214098,214099,214100,214101,214102,214103,214104,214105,214106,214107,214108,214109,214110,214111,214112,214113,214114,214115,214116,214117,214118,214119,214120,214121,214122,214123,214124,214125,214126,214127,214128,214129,214130,214131,214132,214133,214134,214135,214136,214137,214138,214139,214140,214141,214142,214143,214144,214145,214146,214147,214148,214149,214150,214151,214152,214153,214154,214155,214156,214157,214158,214159,214160,214161,214162,214163,214164,214165,214166,214167,214168,214169,214170,214171,214172
EMPTY
EMPTY
185579,185580,185581,185582,185583,185584,185585,185586,185587,185588,185589,185590,185591,185592
EMPTY
EMPTY
EMPTY
EMPTY
941406,941407,941408,941409,941410,941411,941412,941413,941414,941415,941416,941417,941418,941419,941420,941421,941422,941423,941424,941425,941426,941427,941428,941429,941430,941431,941432,941433,941434,941435,941436,941437,941438,941439,941440,941441,941442,941443,941444,941445,941446,941447,941448,941449,941450,941451,941452,941453,941454,941455,941456,941457,941458,941459,941460,941461,941462,941463,941464
EMPTY
EMPTY
EMPTY
857597
EMPTY
EMPTY
EMPTY
EMPTY
143657,143658,143659,143660,143661,143662,143663,143664,143665,143666,143667,143668,831389,831390,831391,831392,831393,831394,831395,831396,831397,831398,831399,831400,831401,831402,831403,831404,831405,831406,831407,831408,831409,831410,831411,831412,831413,831414,831415,831416,831417,831418,831419,831420,831421,831422,831423,831424,831425,831426,831427,831428,831429,831430,831431,831432,831433,831434,831435,831436,831437,831438,831439,831440,831441,831442,831443,831444,831445,831446,831447,831448,831449,831450,831451,831452,831453,831454,831455,831456,831457,831458,831459,831460,831461,831462,831463,831464,831465,831466,831467,831468,831469,831470,831471,831472,831473,831474,831475,831476,831477,831478,831479,831480,831481,831482,831483,831484,831485
EMPTY
776039,776040,776041,776042,776043,776044,776045,776046,776047,776048,776049,776050,776051,776052,776053,776054,776055,776056,776057,776058,776059,776060,776061,776062,776063,776064,776065,776066,776067,776068,776069,776070,776071
EMPTY
EMPTY
EMPTY
EMPTY
EMPTY
EMPTY
EMPTY
884618,884619,884620,884621,884622,884623,884624,884625,884626,884627,884628,884629,884630,884631,884632,884633,884634,884635,884636,884637,884638,884639,884640,884641,884642,884643,884644,884645,884646,884647,884648,884649,884650,884651,884652,884653,884654,884655,884656,884657,884658,884659,884660,884661,884662,884663,884664,884665,884666,884667,884668,884669,884670,884671,884672,884673,884674,884675,884676,884677,884678,884679,884680,884681,884682,884683,884684,884685,884686,884687,884688,884689,884690,884691,884692,884693,884694,884695,884696,884697,884698,884699,884700,884701,884702,884703,884704,884705,884706,884707,884708,884709,973543,973544,973545,973546,973547,973548,973549,973550,973551,973552,973553,973554,973555,973556,973557,973558,973559,973560,973561,973562,973563,973564,973565,973566,973567,973568,973569,973570,973571,973572,973573,973574,973575,973576,973577,973578,973579,973580,973581,973582,973583,973584,973585,973586,973587,973588,973589,973590,973591,973592,973593,973594,973595,973596,973597,973598,973599,973600,973601,973602,973603,973604,973605,973606,973607,973608,973609,973610,973611,973612,973613,973614,973615,973616,973617,973618
EMPTY
EMPTY
EMPTY
EMPTY
EMPTY
EMPTY
EMPTY
EMPTY
EMPTY
EMPTY
EMPTY
EMPTY
EMPTY
646400,646401,646402,900857,900858,900859,900860,900861,900862,900863,900864,900865,900866,900867,900868,900869,900870,900871,900872,900873,900874,900875,900876,900877,900878,900879,900880,900881,900882,900883,900884,900885,900886,900887,900888,900889,900890
EMPTY
EMPTY
659041,659042,659043,659044,659045,659046,659047,659048,659049,659050,659051,659052,659053,659054,659055,659056,659057,659058,659059,659060,659061,659062,659063,659064,659065,659066,659067,659068,659069,659070,659071,659072,659073,659074,659075,659076,659077,659078,659079,659080,659081,659082,659083,659084,659085,659086,659087,659088,659089,659090,659091,659092,659093,659094,659095,659096,659097,659098,777170,777171,777172,777173,777174,777175,777176,777177,777178,777179,777180,777181,777182,777183,777184,777185,777186,777187,777188,777189,777190,777191,777192,777193,777194,777195,777196,777197,777198,777199,777200,777201,777202,777203,777204,777205,777206,777207,777208,777209,777210,777211,777212,777213,777214,777215,777216,777217,777218,777219,777220,777221,777222,777223,777224,777225,777226,777227,777228,777229,777230
EMPTY
EMPTY
EMPTY
EMPTY
EMPTY
EMPTY
EMPTY
EMPTY
EMPTY
EMPTY
EMPTY
EMPTY
EMPTY
EMPTY
EMPTY
EMPTY
EMPTY
579031,579032,579033,579034,579035,579036,579037,579038,579039,579040,579041,579042,579043,579044,579045,579046,579047,579048,579049,579050,579051,579052,579053,579054,579055,579056,579057
EMPTY
EMPTY
EMPTY
EMPTY
EMPTY
595763,595764,595765,595766,595767,595768,595769,595770,595771,595772,595773,595774,595775,595776,595777,595778,595779,595780,595781,595782,595783,595784,595785,595786,595787,595788,595789,595790,595791,595792,595793,595794,595795,595796,595797,595798,595799,595800,595801,595802,595803,595804,595805,595806,595807,595808,595809,595810,595811,595812,595813,595814,595815,842836,842837,842838,842839,842840,842841,842842,842843,842844,842845,842846,842847,842848,842849,842850,842851,842852,842853,842854,842855,842856,842857,842858,842859,842860,842861,842862,842863,842864,842865,842866,842867,842868,842869,842870
EMPTY
742136,742137,742138,742139,742140,742141,742142,742143,742144,742145,742146,742147,742148,742149,742150,742151,742152,742153,742154,742155,742156,742157,742158,742159,742160,742161,742162,742163,742164,742165,742166,742167,742168,742169,742170,742171,742172,742173,742174,742175,742176,742177,742178,742179,742180,742181,742182,742183,742184,742185,742186,742187,742188,742189,742190,742191,742192,742193,742194,742195,742196,742197,742198,742199,742200,742201,742202,742203,742204,742205,742206,742207,742208
EMPTY
EMPTY
EMPTY
EMPTY
EMPTY
EMPTY
EMPTY
EMPTY
EMPTY
EMPTY
505023
EMPTY
190597,190598,190599,190600,190601,190602,190603,190604,190605,190606,190607,190608,190609,190610,190611,190612,190613,190614,190615,190616,190617,190618,190619,190620,190621,190622,190623,190624,190625,190626,190627,190628,190629,190630,190631,190632,190633,190634,190635,190636,190637,190638,190639,190640,190641,190642,190643,190644,190645,190646,190647,190648,190649,190650,190651,190652,190653,190654,190655,190656,190657,190658,190659,190660,190661,190662,190663,190664,190665,190666,190667,190668,190669,190670,190671,190672,190673,190674,190675
EMPTY
524768,524769,524770,524771,524772,524773,524774,524775,524776,524777,524778,524779,524780,524781,524782,524783,524784,524785,524786,524787,524788,524789,524790,524791,524792,524793,524794,524795,524796,524797,524798,524799,524800,524801,524802,524803,524804,524805,524806,524807,524808,524809,524810,524811,524812,524813,524814,524815,524816,524817,524818,524819,524820,524821,524822,524823,524824,524825,524826,524827,524828,524829,524830,524831,524832,524833,524834,524835,524836,524837,524838,524839,524840,524841,524842,524843,524844,524845,524846,524847,524848,524849,524850,524851,524852,524853,524854
627251,627252,627253,627254,627255,627256,627257,627258,627259,627260,627261,627262,627263,627264,627265,627266,627267,627268,627269,627270,627271,627272,627273,627274,627275,627276,627277,627278,627279,627280,627281,627282,627283,627284,627285,627286,627287,627288,627289,627290,627291,627292,627293,627294,627295
EMPTY
EMPTY
EMPTY
EMPTY
EMPTY
EMPTY
EMPTY
EMPTY
EMPTY
EMPTY
EMPTY
174795,174796,174797,174798,174799,174800,174801,174802,174803,174804,174805,174806,174807,174808,174809,174810,174811,174812,174813,174814,174815,174816,174817,174818,174819,174820,174821,174822,174823,174824,174825,174826,174827,174828,174829,174830,174831,174832,174833,174834,174835,174836,174837,174838,174839,174840,174841,174842,174843,174844,174845,174846,174847,174848,174849,174850,174851,174852,174853,174854,174855,174856,174857,174858,174859,174860,174861
EMPTY
EMPTY
EMPTY
EMPTY
EMPTY
EMPTY
EMPTY
EMPTY
EMPTY
EMPTY
EMPTY
EMPTY
357348,357349,357350,357351,357352,357353,357354,357355,357356,357357,357358,357359,357360,357361,357362,357363,357364,357365,357366,357367,357368,357369,357370,357371,357372,357373,357374,357375,357376,357377,357378,357379,357380,357381,357382,357383,357384,357385,357386,357387,357388,357389,357390,357391,357392,357393,357394,357395,357396,357397,357398,357399,357400,357401,357402,357403,357404,357405,357406,357407,357408,357409,357410,357411,357412,357413,357414,357415,357416,357417,357418,357419,357420,357421,357422,357423,357424,357425,357426,357427,357428,357429,357430,357431,357432,357433,357434,357435,357436,357437,357438,357439,357440,357441,357442
926156,926157,926158,926159,926160,926161,926162,926163,926164,926165,926166,926167,926168,926169,926170,926171,926172,926173,926174,926175,926176,926177,926178,926179,926180,926181,926182,926183,926184,926185,926186,926187,926188,926189,926190
EMPTY
377310,377311,377312,377313,377314,377315,377316,377317,377318,377319,377320,377321,377322,377323,377324,377325,377326,377327,377328,377329,377330,377331,377332,377333,377334,377335,377336,377337,377338,377339,377340,377341,377342,377343,377344,377345,377346,377347,377348,377349,377350,377351,377352,377353,377354,377355
EMPTY
EMPTY
EMPTY
EMPTY
636395
EMPTY
365503,365504,365505,365506,365507,365508,365509,365510,365511,365512,365513,365514,365515,365516,365517,365518,365519,365520,365521,365522,365523,365524,365525,365526,365527,365528,365529,365530,365531,365532,365533,365534,365535,365536,365537,365538,365539,365540,365541,365542,365543,365544,365545,365546,365547,365548,365549,365550,365551,365552,365553,365554,365555,365556,365557,365558,365559,365560,365561,365562,365563,365564
881147,881148,881149,881150,881151,881152,881153,881154,881155,881156,881157,881158,881159,881160,881161,881162,881163,881164,881165
EMPTY
EMPTY
802405
387254,387255,387256,387257,387258,387259,387260,387261,387262,387263,387264,387265,387266,387267,387268,387269,387270,387271,387272,387273,387274,387275,387276,387277,387278,387279,387280,387281,387282,387283,387284,387285,387286,387287,387288,387289,387290,387291,387292,387293,387294,387295,387296,387297,387298,387299,387300,387301,387302,387303,387304,387305,387306,387307,387308,387309,387310,387311,387312,387313,387314,387315,387316,387317,387318
228541
EMPTY
EMPTY
296636,296637,296638,296639,296640,296641,296642,296643
EMPTY
329564,329565,329566,329567,329568,329569,329570,329571,329572,329573,329574,329575,329576,329577,329578,329579,329580,329581,329582,329583,329584,329585,329586,329587,329588,329589,329590,329591,329592,329593,329594,329595,329596,329597,329598,329599,329600,329601,329602,329603,329604,329605,329606,329607,329608,329609,329610,329611,329612,329613,329614,329615,329616,329617,329618,329619,329620,329621,329622,329623,329624,329625,329626,329627,329628,329629,329630,329631,329632,329633,329634,329635,329636,329637,329638,329639,329640,329641,329642,329643,329644,329645,329646,329647,329648,329649,329650,329651,329652,329653,329654,329655,329656,513551,513552,513553,513554,513555,513556,513557,513558,513559,513560,513561,513562,513563,513564,513565,513566,513567,513568,513569,513570,513571,513572,513573,513574,513575,513576,513577,513578,513579,513580
EMPTY
EMPTY
EMPTY
EMPTY
502496,502497,502498,502499,502500,502501,502502,502503,502504,502505,502506,502507,502508,502509,502510,502511,502512,502513,502514,502515,502516,502517,502518,502519,502520,502521,502522,502523,502524,502525,502526,502527,502528,502529,502530,502531,502532,502533,502534,502535,502536,502537,502538,502539,502540,502541,502542,502543,502544,502545,502546,502547,502548,502549,502550,502551,502552,502553,502554,502555,502556,502557,502558
EMPTY
EMPTY
EMPTY
EMPTY
EMPTY
EMPTY
EMPTY
EMPTY
EMPTY
EMPTY
EMPTY
EMPTY
EMPTY
EMPTY
363910,363911,363912,363913,363914,363915,363916,363917,363918,363919,363920,363921
EMPTY
EMPTY
EMPTY
EMPTY
EMPTY
EMPTY
583133,583134,583135,583136,583137,583138,583139,583140,583141,583142,583143,583144,583145,583146,583147,583148,583149,583150,583151,583152,583153,583154,583155,583156,583157,583158,583159,583160,583161,583162,583163,583164,583165,583166,583167,583168,583169,583170
EMPTY
EMPTY
956133
526315,526316,526317,526318,526319,526320,526321,526322,526323,526324,526325,526326,526327,526328,526329,526330,526331,526332,526333,526334,526335,526336,526337,526338,526339,526340,526341,526342,526343,526344,526345,526346,526347,526348,526349,526350,526351,526352,526353,526354,526355,526356,526357,526358,526359,526360,526361,526362,526363,526364,526365,526366,526367,526368,526369,526370,526371,526372,526373,526374,526375,526376,526377,526378,526379,526380,526381,526382,526383,526384,526385,526386,526387,526388,526389,526390,526391,526392,526393,526394,526395,526396,526397,526398,526399,526400,526401,526402,526403,526404,526405,526406,526407,526408,526409
EMPTY
609062,609063,609064,609065
EMPTY
EMPTY
EMPTY
EMPTY
147055,147056,147057,147058,147059,147060,147061,147062,147063,147064,147065,147066,147067,147068,147069,147070,147071,147072,147073,147074,147075,147076,147077,147078,147079,147080,147081,147082,147083,147084,147085,147086,147087,147088,147089,147090,147091,147092,147093,147094,147095,147096,147097,147098,147099,147100,147101,147102,147103,147104,147105,147106,147107,147108,147109,147110,791332,791333,791334,791335,791336,791337,791338,791339,791340,791341,791342,791343,791344,791345,791346,791347,791348,791349
EMPTY
EMPTY
EMPTY
EMPTY
EMPTY
EMPTY
EMPTY
EMPTY
EMPTY
EMPTY
EMPTY
EMPTY
EMPTY
EMPTY
EMPTY
EMPTY
884618,884619,884620,884621,884622,884623,884624,884625,884626,884627,884628,884629,884630,884631,884632,884633,884634,884635,884636,884637,884638,884639,884640,884641,884642,884643,884644,884645,884646,884647,884648,884649,884650,884651,884652,884653,884654,884655,884656,884657,884658,884659,884660,884661,884662,884663,884664,884665,884666,884667,884668,884669,884670,884671,884672,884673,884674,884675,884676,884677,884678,884679,884680,884681,884682,884683,884684,884685,884686,884687,884688,884689,884690,884691,884692,884693,884694,884695,884696,884697,884698,884699,884700,884701,884702,884703,884704,884705,884706,884707,884708,884709,973543,973544,973545,973546,973547,973548,973549,973550,973551,973552,973553,973554,973555,973556,973557,973558,973559,973560,973561,973562,973563,973564,973565,973566,973567,973568,973569,973570,973571,973572,973573,973574,973575,973576,973577,973578,973579,973580,973581,973582,973583,973584,973585,973586,973587,973588,973589,973590,973591,973592,973593,973594,973595,973596,973597,973598,973599,973600,973601,973602,973603,973604,973605,973606,973607,973608,973609,973610,973611,973612,973613,973614,973615,973616,973617,973618
EMPTY
EMPTY
EMPTY
EMPTY
EMPTY
441604,441605,441606,441607,441608,441609,441610,441611,441612,441613,441614,441615,441616,441617,441618,441619,441620,441621,441622,441623,441624,441625,441626,441627,441628,441629,441630,441631,441632,441633,441634,441635,441636,441637,441638,441639,441640
EMPTY
EMPTY
EMPTY
721725,721726,721727,721728,721729,721730,721731,721732,721733,721734,721735,721736,721737,721738,721739,721740,721741,721742,721743,721744,721745,721746,721747,721748,721749,721750,721751,721752,721753,721754,721755,721756,721757,721758,721759,721760,721761,721762,721763
EMPTY
EMPTY
EMPTY
EMPTY
EMPTY
EMPTY
EMPTY
EMPTY
EMPTY
169653
419287
EMPTY
383147
EMPTY
141710,141711,141712,141713,141714,141715,141716,141717,141718,141719,141720,141721,141722,141723,141724,141725,141726,141727,141728,141729,141730,141731,141732,141733,141734,141735,141736,141737,141738,141739,141740,141741,141742,141743,141744,141745,141746,141747,141748,141749,141750,141751,141752,141753,141754,141755,141756,141757,141758,141759,141760,141761,141762,141763,141764,141765,141766,141767,141768,141769,141770,141771,141772,141773,141774,141775,141776,141777,141778,141779,141780,141781,141782,141783,141784,141785,141786,141787,141788,141789
EMPTY
EZABU
EMPTY
872136,872137,872138,872139,872140,872141,872142,872143,872144,872145,872146,872147,872148,872149,872150,872151
437210
199346,199347,199348,199349,199350,199351,199352,199353,199354,199355,199356,199357,199358,199359,199360,199361,199362,199363,199364,199365,199366,199367,199368,199369,199370,199371,199372,199373,199374,199375,199376,199377,199378,199379,199380,199381,199382,199383,199384
392950,392951,392952,392953,392954,392955,392956,392957,392958,392959,392960,392961,392962,392963,392964,392965,392966,392967,392968,392969,392970,392971,392972,392973,392974,392975,392976,392977,392978,392979,392980,392981,392982,392983,392984,392985,392986,392987,392988,392989,392990,392991,392992,392993,392994,392995,392996,392997,392998,392999,393000,393001,393002,393003,393004,393005,393006,393007,393008,393009,393010
101041
730669,730670,730671,730672,730673,730674,730675,730676,730677,730678
EMPTY
EMPTY
EMPTY
EMPTY
EMPTY
EMPTY
EMPTY
EMPTY
EMPTY
EMPTY
EMPTY
EMPTY
EMPTY
888732
EMPTY
EMPTY
EMPTY
EMPTY
EMPTY
EMPTY
154963
EMPTY
EMPTY
EMPTY
EMPTY
EMPTY
607425,607426,607427,607428,607429,607430,607431,607432,607433,607434,607435,607436,607437,607438,607439,607440,607441,607442,607443,607444,607445,607446,607447,607448,607449,607450,607451,607452,607453,607454,607455,607456,607457,607458,607459,607460,607461,607462
EMPTY
EMPTY
488074,488075,488076,488077,488078,488079,488080,488081,488082,488083,488084,488085,488086,488087,488088,488089,488090,488091,488092,488093,488094,488095,488096,488097,488098,488099,488100,488101,488102,488103,488104,488105
EMPTY
EMPTY
EMPTY
EMPTY
EMPTY
EMPTY
EMPTY
620367
582334,582335,582336,582337,582338,582339,582340,582341,582342,582343,582344,582345,582346,582347,582348,582349,582350,582351,582352,582353,582354,582355,582356,582357,582358,582359,582360,582361,582362,582363,582364,582365,582366,582367,582368,582369,582370,582371,582372,582373,582374,582375,582376,582377,582378,582379,582380,582381,582382,582383,582384,582385,582386,582387,582388,582389,582390,582391,582392,582393,582394,582395,582396,582397,582398,582399,582400,582401,582402,582403,582404,582405,582406,582407,582408,582409,582410,582411
433572,433573,433574,433575,433576,433577,433578,433579,433580,433581,433582,433583,433584,433585,433586,433587,433588,433589,433590,433591,433592,433593,433594,433595,433596,433597,433598,433599,433600,433601,433602,433603,433604,433605,433606,433607,433608,433609,433610,433611,433612,433613,433614,433615,433616,433617,433618,433619,433620,433621,433622,433623,433624,433625,433626,433627,433628,433629,433630,433631,433632,433633,433634,433635,433636,433637,433638,433639,433640,433641,433642,433643,433644,433645,433646,433647,433648,433649,433650,433651,433652,433653,433654,433655
EMPTY
169653
EMPTY
EMPTY
EMPTY
EMPTY
EMPTY
EMPTY
EMPTY
EMPTY
EMPTY
EMPTY
179969,179970,179971,179972,179973,179974,179975,179976,179977,179978,179979,179980,179981,179982,179983,179984,179985,179986,179987,179988,179989,179990,179991,179992,179993,179994,179995,179996,179997,179998,179999,180000,180001,180002,180003,180004,180005,180006,180007,180008,180009,180010,180011,180012,180013,180014
EMPTY
EMPTY
EMPTY
EMPTY
162519,162520,162521,162522,162523,162524,162525,162526,162527,162528,162529,162530,162531,162532,162533,162534,162535
EMPTY
565854,565855,565856,565857,565858,565859,565860,565861,565862,565863,565864,565865,565866,565867,565868,565869,565870,565871,565872,565873,565874,565875,565876,565877,565878,565879,565880,565881,565882,565883,565884,565885
EMPTY
EMPTY
EMPTY
EMPTY
EMPTY
EMPTY
EMPTY
EMPTY
957613,957614,957615,957616,957617,957618,957619,957620,957621,957622,957623,957624,957625,957626,957627,957628,957629,957630,957631,957632,957633,957634,957635,957636,957637,957638,957639,957640,957641,957642,957643,957644,957645,957646,957647,957648,957649,957650,957651,957652,957653,957654,957655,957656,957657,957658,957659,957660,957661,957662,957663,957664,957665,957666,957667,957668,957669,957670,957671,957672,957673,957674,957675,957676,957677
EMPTY
EMPTY
EMPTY
EMPTY
EMPTY
363973,363974
EMPTY
EMPTY
EMPTY
221479,221480,221481,221482,221483,221484,221485,221486,221487,221488,221489,221490,221491,221492,221493,221494,221495,221496,221497,221498,221499,221500,221501,865632,865633,865634,865635,865636,865637,865638,865639,865640,865641,865642,865643,865644,865645,865646,865647,865648,865649,865650,865651,865652,865653,865654,865655,865656,865657,865658,865659,865660,865661,865662,865663,865664
EMPTY
EMPTY
EMPTY
690789,690790,690791,690792,690793,690794,690795,690796,690797,690798,690799,690800,690801,690802,690803,690804,690805,690806,690807,690808,690809,690810,690811,690812,690813,690814,690815,690816,690817,690818,690819,690820,690821,690822,690823,690824,690825,690826,690827,690828,690829,690830
458683,458684,458685,458686,458687,458688,458689,458690,458691,458692,458693,458694,458695,458696,458697,458698,458699,458700,458701,458702,458703,458704,458705,458706,458707,458708,458709,458710,458711,458712,458713,458714,458715,458716,458717,458718,458719,458720,458721,458722,458723,458724,458725,458726,458727,458728,458729,458730,458731,458732,458733,458734,458735,458736,458737,458738,458739,458740,458741,458742,458743,458744,458745,458746,458747,458748,458749,561376,561377,561378,561379,561380,561381,561382,561383,561384,561385,561386,561387,561388,561389,561390,561391,561392,561393,561394,561395,561396,561397,561398,561399,561400,561401,561402
644327
EMPTY
EMPTY
EMPTY
EMPTY
890813,890814,890815,890816,890817,890818,890819,890820,890821,890822,890823,890824,890825,890826,890827,890828,890829,890830,890831,890832,890833,890834,890835,890836,890837,890838,890839,890840,890841,890842,890843,890844,890845,890846,890847,890848,890849,890850,890851,890852,890853,890854,890855,890856,890857,890858,890859,890860,890861,890862,890863,890864,890865,890866,890867,890868,890869,890870,890871,890872,890873,890874,890875,890876,890877,890878,890879,890880,890881,890882,890883,890884,890885,890886,890887,890888,890889,890890,890891,890892,890893,890894,890895,890896,890897,890898,890899,890900,890901,890902,890903
EMPTY
EMPTY
636568
151795,151796,151797,151798,151799,151800,151801,151802,151803,151804,151805,151806,151807,151808,151809,151810,151811,151812,151813,151814,151815,151816,151817,151818,151819,151820,151821,151822,151823,151824,151825,151826,151827,151828,151829,151830,151831,151832,151833,151834,151835,151836,151837,151838,151839,151840,151841,151842,151843,151844,151845,151846,151847,151848,151849,151850,151851,151852,151853,151854,151855,151856,151857,151858,151859,151860,151861,151862,151863,151864,151865,151866,151867,151868,151869,151870,151871,151872,151873,151874,151875,151876
EMPTY
EMPTY
EMPTY
EMPTY
SFDRCWKLFU
EMPTY
EMPTY
EMPTY
EMPTY
668274,668275,668276,668277,668278,668279,668280,668281,668282,668283,668284,668285,668286,668287,668288,668289,668290,668291,668292,668293,668294,668295,668296,668297,668298,668299,668300,668301,668302,668303,668304,668305,668306,668307,668308
EMPTY
EMPTY
EMPTY
EMPTY
EMPTY
EMPTY
EMPTY
EMPTY
EMPTY
EMPTY
EMPTY
EMPTY
EMPTY
EMPTY
EMPTY
EMPTY
EMPTY
EMPTY
EMPTY
EMPTY
EMPTY
EMPTY
EMPTY
EMPTY
494576
EMPTY
EMPTY
EMPTY
EMPTY
EMPTY
EMPTY
EMPTY
EMPTY
260900,260901,260902,260903,260904,260905,260906,260907,260908,260909,260910,260911,260912,260913,260914,260915,260916,260917,260918,260919,260920,260921,260922,260923,260924,260925,260926,260927,260928,260929,260930,260931,260932,260933,260934,260935,260936,260937,260938,260939,260940,260941,260942,260943,260944,260945,260946,260947,260948,260949,260950,260951,260952,260953,260954,260955,260956,260957,260958,260959,260960,260961,260962,260963,260964,260965,260966,260967,260968,260969,260970,260971,260972,260973,260974,260975,260976,260977,260978,260979,260980,260981,260982,260983,260984,260985,260986,260987,260988,260989,917278,917279,917280,917281,917282,917283,917284,917285,917286,917287,917288,917289,917290,917291,917292,917293,917294,917295,917296,917297,917298,917299
EMPTY
EMPTY
EMPTY
EMPTY
EMPTY
EMPTY
EMPTY
EMPTY
EMPTY
EMPTY
SSHOIKJT
962790
EMPTY
EMPTY
EMPTY
EMPTY
EMPTY
EMPTY
EMPTY
EMPTY
EMPTY
EMPTY
EMPTY
630106,630107,630108,630109,630110,630111,630112,630113,630114
EMPTY
EMPTY
EMPTY
PRESWWUC
EMPTY
480809
EMPTY
EMPTY
EMPTY
530864,530865,530866,530867,530868,530869,530870,530871,530872,530873,530874,530875,530876,530877,530878,530879,530880,530881,530882,530883,530884
427855,427856,427857,427858,427859,427860,427861,427862,427863,427864,427865,427866,427867,427868,427869,427870,427871,427872,427873,427874,427875,427876,427877,427878,427879,427880,427881,427882,427883,427884,427885,427886,427887,427888,427889,427890,427891
EMPTY
EMPTY
EMPTY
BTHIDAIAC
941406,941407,941408,941409,941410,941411,941412,941413,941414,941415,941416,941417,941418,941419,941420,941421,941422,941423,941424,941425,941426,941427,941428,941429,941430,941431,941432,941433,941434,941435,941436,941437,941438,941439,941440,941441,941442,941443,941444,941445,941446,941447,941448,941449,941450,941451,941452,941453,941454,941455,941456,941457,941458,941459,941460,941461,941462,941463,941464
EMPTY
EMPTY
239360,635537,635538,635539,635540,635541,635542,635543,635544,635545,635546,819475,819476,819477,819478,819479,819480
702522,768248,768249,768250,768251,768252,768253,768254,768255,768256,768257,768258,768259,768260,768261,768262,768263,768264,768265,768266,768267,768268,768269,768270,768271,768272,768273,768274,768275,768276,768277,768278,768279,768280,768281,768282,768283,768284,768285,768286,768287,768288,768289,768290,768291,768292,768293,768294
EMPTY
146191,146192,146193,146194,146195,146196,146197,146198,146199,146200,146201,146202,146203,146204,146205,146206,146207,146208,146209,146210,146211,146212,146213,146214,146215,146216,146217,146218,904289,904290,904291,904292,904293,904294,904295,904296,904297,904298
EMPTY
575851,575852,575853,575854,575855,575856,575857,575858,575859,575860,575861,575862,575863,575864,575865,575866,575867,575868,575869,575870,575871,575872,575873,575874,575875,575876,575877,575878,575879,575880,575881,575882,575883,575884,575885,575886,575887,575888,575889,575890,575891,575892,575893,575894,575895,575896,575897,575898,575899,575900,575901,575902,575903,575904,575905,575906,575907,575908,575909,575910,575911,575912,575913,575914,575915,575916,575917,575918,575919,575920,575921,575922,575923,575924,575925,575926,575927,575928,575929,575930,575931,575932,575933,575934,575935,575936,575937,575938,575939,575940,575941,575942,575943,575944,575945,575946
841241
643750,643751,643752,643753,643754,643755,643756,643757,643758,643759,643760,643761,643762,643763,643764,643765,643766,643767,643768,643769,643770,643771,643772,643773,643774,643775,643776,643777,643778,643779,643780,643781,643782,643783,643784,643785,643786,643787,643788,643789,643790,643791,643792,643793,643794,643795,643796,643797,643798,643799,643800,643801,643802,643803,643804,643805,643806,643807,643808,643809,643810,643811,643812,643813,643814,643815,643816,643817,643818,643819,643820,643821,643822,643823,643824,643825,643826,643827,643828,643829,643830,643831,643832
945876,945877,945878,945879,945880,945881,945882,945883,945884,945885,945886,945887,945888,945889,945890
167717,167718,167719,167720,167721,167722,167723,167724,167725,167726,167727,167728,167729,167730,167731,167732,167733,167734,167735,167736,167737,167738,167739,167740,167741
EMPTY
EMPTY
EMPTY
EMPTY
EMPTY
GEMVTB
EMPTY
EMPTY
EMPTY
EMPTY
EMPTY
103836,103837,103838,103839,103840,103841,103842,103843,103844,103845,103846,103847,103848,103849,103850,103851,103852,103853,103854,103855,103856,103857,103858,103859,103860,103861,103862,103863,103864,103865,103866,103867,103868,103869,103870,103871,103872,103873,103874,103875,103876,103877,103878,103879,103880,103881,103882,103883,103884,103885,103886,103887,103888,103889,103890,103891,103892,103893
EMPTY
599652,599653,599654,599655,599656,599657,599658,599659,599660,599661,599662,599663,599664,599665,599666,599667,599668,599669,599670,599671,599672,599673,599674,599675,599676,599677,599678,599679,599680,599681,599682,599683,599684,599685,599686,599687,599688,599689,599690,599691,599692,599693,599694,599695,599696,599697,599698,599699,599700,599701,599702,599703,599704,599705,599706,599707,599708,599709,599710,599711,599712,599713,599714,599715,599716,599717,599718,599719,599720,599721,599722,599723,599724,599725,599726,599727,900967,900968,900969,900970,900971,900972,900973,900974,900975,900976,900977,900978,900979,900980,900981,900982,900983,900984,900985,900986,900987,900988,900989,900990,900991,900992,900993,900994,900995,900996,900997,900998,900999,901000,901001,901002,901003,901004,901005,901006,901007,901008,901009,901010,901011,901012,901013,901014,901015,901016,901017,901018,901019,901020,901021,901022,901023,901024,901025,901026,901027,901028,901029,901030,901031,901032,901033,901034,901035,901036,901037,901038,901039,901040,901041,901042,901043,901044,901045,901046,901047,901048,901049,901050,901051
EMPTY
636395
EMPTY
EMPTY
EMPTY
721725,721726,721727,721728,721729,721730,721731,721732,721733,721734,721735,721736,721737,721738,721739,721740,721741,721742,721743,721744,721745,721746,721747,721748,721749,721750,721751,721752,721753,721754,721755,721756,721757,721758,721759,721760,721761,721762,721763
572885
EMPTY
EMPTY
EMPTY
EMPTY
EMPTY
EMPTY
EMPTY
EMPTY
EMPTY
EMPTY
EMPTY
EMPTY
ZOMIOMSO
EMPTY
EMPTY
EMPTY
EMPTY
579989,579990,579991,579992,579993,579994,579995,579996,579997,579998,579999,580000,580001,580002,580003,580004,580005,580006,580007,580008,580009,580010,580011,580012,580013,580014,580015,580016,580017,580018,580019,580020,580021,580022,580023,580024,580025,580026,580027,580028,580029,580030,580031,580032,580033,580034,580035,580036,580037,580038,762158
EMPTY
EMPTY
EMPTY
EMPTY
EMPTY
721529,982516,982517,982518,982519,982520,982521,982522,982523,982524,982525,982526,982527,982528,982529,982530,982531,982532,982533,982534
EMPTY
EMPTY
EMPTY
EMPTY
CAJXYA
EMPTY
EMPTY
EMPTY
114892,114893,114894,114895,114896,114897,114898,886790,886791,886792,886793,886794,886795,886796,886797,886798,886799,886800,886801,886802,886803,886804,886805,886806,886807,886808,886809,886810
EMPTY
EMPTY
EMPTY
EMPTY
EMPTY
EMPTY
EMPTY
187010,187011,187012,187013,187014,187015,187016,187017,187018,187019,187020,187021,187022,187023,187024,187025,187026,187027,187028,187029,187030,187031,187032,187033,187034,187035,187036,187037,187038,187039,187040,187041,187042,187043,187044,187045,187046,187047,187048,187049,187050,187051,187052,187053,187054,187055,187056,187057,187058,187059,187060,187061,187062,245959,245960,245961,245962,245963,245964,245965,245966,245967,245968,245969,245970,245971,245972,245973,245974,245975,245976,245977,245978,245979,245980,245981,245982,245983,245984,245985,245986,245987,245988,245989,245990,245991,245992,245993,245994,245995,245996,245997,245998,245999,246000,246001,246002,246003,246004,246005,246006,246007,246008,246009,246010,246011,246012,246013,246014,246015,246016,246017
ZQLEPODJK
EMPTY
EMPTY
EMPTY
EMPTY
EMPTY
EMPTY
EMPTY
EMPTY
503283,503284,503285,503286,503287,503288,503289,503290,503291,503292,503293,503294,503295,503296,503297,503298,503299,503300,503301
EMPTY
492139,492140,492141,492142,492143
EMPTY
EMPTY
EMPTY
EMPTY
EMPTY
EMPTY
EMPTY
EMPTY
EMPTY
EMPTY
EMPTY
EMPTY
EMPTY
EMPTY
EMPTY
EMPTY
EMPTY
574960,574961,574962,574963,574964,574965,574966,574967,574968,574969,574970,574971,574972,574973,574974,574975,574976,574977,574978,574979,574980,574981,574982,574983,574984,574985,574986,574987,574988,574989,574990,574991,574992,574993,574994,574995,574996,574997,574998,574999,575000,575001,575002,575003,575004
EMPTY
EMPTY
EMPTY
EMPTY
EMPTY
EMPTY
114837,114838,114839,114840,114841,114842,114843,114844,114845,114846,114847,114848,114849,114850,114851,114852,114853,114854,114855,114856,114857,114858,114859,114860,114861,114862,114863,114864,114865,114866,114867,114868,114869,114870,114871,114872,114873,114874,114875,114876,114877,114878,114879,114880,114881,114882,114883,114884,114885,114886,114887,114888,114889,114890,114891,114892,114893,114894,114895,114896,114897,114898,114899,114900,114901,114902,114903,114904,114905,114906,114907,114908,114909,114910,114911
EMPTY
894011,958181,958182,958183,958184,958185,958186,958187,958188,958189,958190,958191,958192,958193,958194,958195,958196,958197,958198
EMPTY
EMPTY
268411,268412,268413,268414,268415,268416,268417,268418,268419,268420,268421,268422,268423,268424,268425
EMPTY
EMPTY
134978,134979,134980,134981,134982,134983,134984,134985,134986,134987,134988,134989,134990,134991,134992,134993,134994,134995,134996,134997,134998,134999,135000,135001
EMPTY
EMPTY
EMPTY
EMPTY
EMPTY
EMPTY
DXPVZFYO
EMPTY
EMPTY
829245,829246,829247,829248,829249,829250,829251,829252,829253,829254,829255,829256,829257,829258,829259,829260,829261,829262,829263,829264,829265,829266,829267,829268,829269,829270,829271,829272,829273,829274,829275,829276,829277,829278,829279,829280,829281,829282,829283,829284,829285,829286,829287,829288,829289,829290,829291,829292,829293,829294,829295,829296,829297,829298,829299,829300,829301,829302,829303,829304,829305,829306,829307,829308,829309,829310,829311,829312,829313,829314,829315,829316,829317,829318,829319,829320,829321,829322,829323,829324,829325,829326,829327,829328,829329
EMPTY
EMPTY
EMPTY
EMPTY
EMPTY
EMPTY
315106,315107,315108,315109,315110,315111,315112,315113,315114,315115,315116,315117,315118,315119,315120,315121,315122,315123,315124,315125,315126,315127,315128,315129,315130,315131,315132,315133,315134,315135,315136,315137,315138,315139,315140,315141,315142,315143,315144,315145,315146,315147,315148,315149,315150,315151,315152,315153,315154,315155,315156,315157,315158,315159,315160,315161,315162,315163,315164,315165,315166,315167,315168,315169,315170,315171,315172,315173,315174,315175,315176,315177,315178,315179,315180,315181,315182,315183,315184,315185,315186,315187,315188,315189,315190,315191,315192
EMPTY
EMPTY
121017
EMPTY
EMPTY
EMPTY
934475,934476,934477,934478,934479,934480,934481,934482,934483,934484,934485,934486,934487,934488,934489,934490
EMPTY
EMPTY
EMPTY
EMPTY
296636,296637,296638,296639,296640,296641,296642,296643
EMPTY
692462,692463,692464,692465,692466,692467,692468,692469,692470,692471,692472,692473,692474,692475,692476,692477,692478,692479,692480,692481,692482,692483,692484,692485,692486,692487,692488,692489,692490,692491,692492,692493,692494,692495,692496,692497,692498,692499,692500,692501,692502,692503,692504,692505,692506,692507,692508,692509,692510,692511,692512,692513,692514,692515,692516,692517,692518,692519,692520,692521,692522,692523
EMPTY
604528,604529,604530,604531,604532,604533,604534,604535,604536,604537,604538,604539,604540,604541,604542,604543,604544,604545,604546,604547,604548,604549,604550,604551,604552,604553,604554,604555,604556,604557,604558,604559,604560,604561,604562,604563,604564,604565,604566,604567,604568,604569,604570,604571,604572,604573,604574,604575,604576,604577,604578,604579,604580,604581,604582,604583,604584,604585,604586,604587,604588,604589,604590,604591,604592,604593,604594,604595,604596,604597,604598,604599,604600,604601,604602,604603,604604,604605
222855
EMPTY
EMPTY
EMPTY
841051,841052,841053,841054,841055,841056,841057,841058,841059,841060,841061,841062,841063,841064,841065,841066,841067,841068,841069,841070,841071,841072,841073,841074,841075,841076,841077,841078
EMPTY
EMPTY
EMPTY
282090,282091,282092,282093,282094,282095,282096,282097,282098,282099,282100,282101,282102,282103,282104,282105,282106,282107,282108,282109,282110,282111,282112,282113,282114,282115,282116,282117,282118,282119,282120,282121,282122,282123,282124,282125,282126,282127,282128,282129,282130,282131,282132,282133,282134,282135,282136,282137,282138,282139,282140,282141,282142,282143,282144,282145,282146
EMPTY
EMPTY
584249,584250,584251,584252,584253,584254,584255,584256,584257,584258,584259,584260,584261,584262,584263,584264,584265,584266,584267,584268,584269,584270,584271,584272,584273,584274,584275,584276,584277,584278,584279,584280,584281,584282,584283,584284,584285,584286,584287,584288,584289,584290,584291,584292,584293,584294,584295,584296,584297,584298,584299,584300,584301,584302,584303,584304,584305,584306,584307,584308,584309,584310,584311,584312,584313,584314,584315,584316,584317,584318,584319,584320,584321,584322,584323,584324,584325,584326,584327,584328,584329,584330,584331,584332,584333,584334,584335,584336,584337,584338
128667,128668,128669,128670,128671,128672,128673,128674,128675,128676,128677,955279,955280,955281,955282,955283,955284,955285,955286,955287,955288,955289
EMPTY
EMPTY
EMPTY
EMPTY
EMPTY
EMPTY
EMPTY
EMPTY
EMPTY
EMPTY
EMPTY
EMPTY
EMPTY
EMPTY
EMPTY
EMPTY
EMPTY
EMPTY
EMPTY
447060,722197,722198,722199,722200,722201,722202,722203,722204,722205,722206,722207,722208,722209,722210,722211,722212,722213,722214,722215,722216,722217,722218,722219,722220,722221,722222,722223,722224,722225,722226,722227,722228,722229,722230,722231,722232,722233,722234,722235,722236,722237,722238,722239,722240,722241,722242,722243,722244,722245,722246,722247,722248,722249,722250,722251,722252,722253,722254,722255,722256,722257,722258,722259,722260,722261,722262,722263,722264,722265,722266,722267,722268,722269,722270,722271,722272,722273,722274,722275,722276,722277,722278,722279,722280,722281,722282,722283,722284,722285,722286,722287,722288,722289,722290,722291
EMPTY
EMPTY
977352,977353,977354,977355,977356,977357,977358,977359,977360,977361,977362,977363,977364,977365,977366,977367,977368,977369,977370,977371
EMPTY
EMPTY
EMPTY
EMPTY
EMPTY
EMPTY
EMPTY
EMPTY
EMPTY
EMPTY
EMPTY
228541
EMPTY
EMPTY
EMPTY
EMPTY
460235,460236,460237,460238,460239,460240,460241,460242,460243,460244,460245,460246,460247,640193,640194,640195,640196,640197,640198,640199,640200,640201,640202,640203,640204,640205,640206,640207,640208,640209,640210,640211,640212,640213,640214,640215,640216,640217,640218,640219,640220,640221,640222,640223,640224,640225,640226,640227,640228,640229,640230,640231,640232,640233,640234,640235,640236,640237,640238,640239,640240,640241,640242,640243,640244,640245,640246,640247,640248,640249,640250,640251,640252,640253,640254,640255,640256,640257,640258,640259,640260,640261,640262,640263,640264,640265,640266,640267,640268,640269,640270,640271,640272,640273,640274
EMPTY
EMPTY
EMPTY
472036,805483,805484,805485
EMPTY
EMPTY
EMPTY
879742,879743,879744,879745,879746,879747,879748,879749,879750,879751,879752,879753,879754,879755,879756,879757,879758,879759,879760,879761,879762,879763,879764,879765,879766,879767,879768,879769,879770,879771,879772,879773,879774,879775,879776,879777
EMPTY
SZHJDK
EMPTY
101371,101372,101373,101374,101375,101376,101377,101378,101379,101380,101381,101382,101383,101384,101385,101386,101387,101388,101389,101390,101391,101392,101393,101394,101395,101396,101397,101398,101399,101400,101401,101402,101403,101404,101405,101406,101407,101408,101409,101410,101411,101412,101413,101414,101415,101416,101417,101418,101419,101420,101421,101422,101423,101424,101425,101426,101427,101428,101429,101430
914760
EMPTY
EMPTY
EMPTY
EMPTY
EMPTY
265435,265436,265437,265438,265439,265440,265441,265442,265443,265444,265445,265446,265447,265448,265449,265450,265451,265452,265453,265454,265455,265456,265457,265458,265459,265460,265461,265462,265463,265464,265465,265466,265467,265468,265469,265470,265471,265472,265473,265474,265475,265476,265477,265478,265479,265480,265481,265482,265483,265484,265485,265486,590813,590814,590815,590816,590817,590818,590819,590820,590821,590822,590823,590824,590825,590826,590827,590828,590829,590830,590831,590832,590833,590834,590835,590836
EMPTY
EMPTY
EMPTY
EMPTY
616780,616781,616782,616783,616784,616785,616786,616787,616788,616789,616790,616791,616792,616793,616794,616795,616796,616797,616798,616799,616800,616801,616802,616803,616804,616805,616806,616807,616808,616809,616810,616811,616812,616813,616814,616815,616816,616817,616818,616819,616820,616821,616822,616823,616824,616825,616826,616827,616828,616829,616830,616831,616832,703730
EMPTY
EMPTY
841051,841052,841053,841054,841055,841056,841057,841058,841059,841060,841061,841062,841063,841064,841065,841066,841067,841068,841069,841070,841071,841072,841073,841074,841075,841076,841077,841078
EMPTY
EMPTY
EMPTY
EMPTY
EMPTY
EMPTY
EMPTY
EMPTY
EMPTY
116888,116889,116890,116891,116892,116893,116894,116895,116896,116897,116898,116899,116900,116901,116902,116903,116904,116905,116906,116907,116908,116909,116910,116911,116912,116913,116914,116915,116916,116917,116918,116919,116920,116921,116922,116923,116924,116925,116926,116927,116928,116929,116930,116931,116932,116933,116934,116935,116936,116937,116938,116939,116940,116941,116942,116943,116944,116945,116946,116947,116948,116949,116950,116951,116952,116953,116954,116955,116956,116957,116958,116959
EMPTY
EMPTY
317215,317216,317217,317218,317219,317220,317221,317222,317223,317224,317225,317226,317227,317228,317229,317230,317231,317232,317233,317234,317235,317236,317237,317238,317239,317240,317241,317242,317243,317244,317245,317246,317247,317248,317249,317250,317251,317252,317253,317254,317255,317256,317257,317258,317259,317260,317261,317262,317263,317264,317265
117020,117021,117022,117023,117024,117025,117026,117027,117028,117029,117030,117031,117032,117033,117034,117035,117036,117037,117038,117039,117040,117041,117042,117043,117044,117045,117046,117047,117048,117049
EMPTY
EMPTY
EMPTY
EMPTY
EMPTY
EMPTY
EMPTY
EMPTY
EMPTY
EMPTY
EMPTY
EMPTY
EMPTY
EMPTY
179969,179970,179971,179972,179973,179974,179975,179976,179977,179978,179979,179980,179981,179982,179983,179984,179985,179986,179987,179988,179989,179990,179991,179992,179993,179994,179995,179996,179997,179998,179999,180000,180001,180002,180003,180004,180005,180006,180007,180008,180009,180010,180011,180012,180013,180014
EMPTY
EMPTY
EMPTY
278689
EMPTY
EMPTY
EMPTY
235620,235621,235622,235623,235624,235625,235626,235627,235628,235629,235630,235631,235632,235633,235634,235635,235636,235637,235638,235639,235640,235641,235642,235643,235644,235645,235646,235647,235648,235649,235650,235651,235652,235653,235654,235655,235656,235657,235658,235659,235660,235661,235662,235663,235664,235665,235666,235667,235668,235669,235670,235671,235672,235673,235674,235675,235676,235677,235678,235679,235680,235681,235682,235683,235684,235685,235686,235687,235688,235689
EMPTY
EMPTY
101565,101566,101567,101568,101569,101570,101571,101572,101573,101574,101575,101576,101577,101578,101579,101580,101581,101582,101583,101584,101585,101586,101587,101588,101589,101590,101591
EMPTY
434742,434743,434744,434745,434746,434747,434748,434749,434750,434751,434752,434753,434754,434755,434756,434757,434758,434759,434760,434761,434762,434763,434764,434765,434766,434767,434768,434769,434770,434771,434772,434773,434774,434775,434776,434777,434778,434779,434780,434781,434782,434783,434784,434785,434786,434787,434788,434789,434790,434791,434792,434793,434794,434795,434796,434797,434798,434799,434800,434801,434802,434803,434804,434805,434806,434807,434808,434809,434810,434811,434812,434813,434814,434815,434816,434817,434818,434819
EMPTY
EMPTY
EMPTY
744368,744369,744370,744371,744372,744373,744374,744375,744376,744377,744378,744379,744380,744381,744382,744383,744384,744385,744386
EMPTY
EMPTY
EMPTY
EMPTY
311810,311811,311812,311813,311814,311815,311816,311817,311818,311819,311820,311821,311822,311823,311824,311825,311826,311827,311828,311829,311830,311831,311832,311833,311834,311835,311836,311837,311838,311839,311840,311841,311842,311843,311844,311845,311846,311847,311848,311849,311850,311851,311852,311853,311854,311855,311856,311857
EMPTY
KGCBNYC
EMPTY
EMPTY
EMPTY
319479,319480,319481,319482,319483,319484,319485,319486,319487,319488,319489,319490,319491,319492,319493,319494,319495,319496,319497,319498,319499,319500,319501,319502,319503,319504,319505,319506,319507,319508,319509,319510,319511,319512,319513,319514,319515,319516,319517,319518,319519,319520,319521,319522,319523,319524,319525,319526,319527,319528,319529,319530,354105,354106,354107,354108,354109,354110,354111,354112,354113,354114,354115,354116,354117,354118,354119,354120,354121,354122,354123,354124,354125,354126,354127,354128,354129,354130,354131,354132,354133,354134,354135,354136,354137,354138,354139,354140,678871,678872,678873,678874,678875,678876,678877,678878,678879,678880,678881,678882,678883,678884,678885,678886,678887,678888,678889,678890,678891,678892,678893,678894,894703,894704,894705,894706,894707,894708,894709,894710,894711,894712,894713,894714,894715,894716,894717,894718,894719,894720,894721,894722,894723,894724,894725,894726,894727,894728,894729,894730,894731,894732,894733,894734,894735,894736,894737,894738,894739,894740,894741,894742,894743,894744,894745,894746,894747,894748,894749,894750,894751,894752,894753,894754,894755,894756,894757,894758,894759,894760,894761,894762,894763,894764,894765,894766,894767,894768,894769,894770,894771,894772,894773,894774,894775,894776,894777,894778,894779,894780,894781,894782,894783,894784,894785,894786,894787,894788,894789,894790,894791,894792,894793,894794,894795,894796,894797,894798
EMPTY
720360,720361,720362,720363,720364,720365,720366,720367,720368,720369,720370,720371,720372,720373,720374,720375,720376,720377,720378,720379,720380,720381,720382,720383,720384,720385
965790,965791,965792,965793,965794,965795,965796,965797,965798,965799,965800,965801,965802,965803,965804,965805,965806,965807,965808,965809,965810,965811,965812,965813,965814,965815,965816,965817,965818,965819,965820,965821,965822,965823,965824,965825,965826,965827,965828,965829,965830,965831,965832,965833,965834,965835,965836,965837,965838,965839,965840,965841,965842,965843,965844,965845,965846,965847,965848,965849,965850,965851,965852,965853,965854
EMPTY
EMPTY
AEDSP
803182,803183,803184,803185,803186,803187,803188,803189,803190,803191,803192,803193,803194,803195,803196,803197,803198,803199,803200,803201,803202,803203,803204,803205,803206,803207,803208,803209,803210,803211,803212,803213,803214,803215,803216,803217,803218,803219,803220,803221,803222,803223,803224,803225
EMPTY
EMPTY
EMPTY
EMPTY
599652,599653,599654,599655,599656,599657,599658,599659,599660,599661,599662,599663,599664,599665,599666,599667,599668,599669,599670,599671,599672,599673,599674,599675,599676,599677,599678,599679,599680,599681,599682,599683,599684,599685,599686,599687,599688,599689,599690,599691,599692,599693,599694,599695,599696,599697,599698,599699,599700,599701,599702,599703,599704,599705,599706,599707,599708,599709,599710,599711,599712,599713,599714,599715,599716,599717,599718,599719,599720,599721,599722,599723,599724,599725,599726,599727,900967,900968,900969,900970,900971,900972,900973,900974,900975,900976,900977,900978,900979,900980,900981,900982,900983,900984,900985,900986,900987,900988,900989,900990,900991,900992,900993,900994,900995,900996,900997,900998,900999,901000,901001,901002,901003,901004,901005,901006,901007,901008,901009,901010,901011,901012,901013,901014,901015,901016,901017,901018,901019,901020,901021,901022,901023,901024,901025,901026,901027,901028,901029,901030,901031,901032,901033,901034,901035,901036,901037,901038,901039,901040,901041,901042,901043,901044,901045,901046,901047,901048,901049,901050,901051
EMPTY
EMPTY
962790
EMPTY
EMPTY
439871,439872,439873,439874,439875,439876,439877,439878,439879,439880,439881,439882,439883,439884,439885,439886,439887,439888,439889,439890,439891,439892,439893,439894,439895,439896,439897,439898,439899,439900,439901,439902,439903,439904,439905,439906,439907,439908,439909,439910,439911,439912,439913,439914,439915,439916,439917,439918,439919,762363,762364,762365,762366,762367,762368,762369,762370,869726,869727,869728,869729,869730,869731,869732,869733,869734,869735,869736,869737,869738,869739,869740,869741,869742,869743,869744,869745,869746,869747,869748,869749,869750,869751,869752,869753,869754,869755,869756,869757,869758,869759,869760,869761,869762,869763,869764,869765,869766,869767,869768,869769,869770,869771,869772,869773,869774,869775,869776,869777,869778,869779,869780,869781,869782,869783,869784,869785,869786,869787,869788
EMPTY
EMPTY
EMPTY
EMPTY
EMPTY
EMPTY
EMPTY
EMPTY
EMPTY
636568
EMPTY
EMPTY
655052,655053,655054,655055,655056,655057,655058,655059,655060,655061,655062,655063,655064,655065,655066,655067,655068,655069,655070,655071,655072,655073,655074,655075,655076,655077,655078,655079,655080,655081,655082,655083,655084,655085,655086,655087,655088,655089,655090,655091,655092,655093,655094,655095,655096,655097,655098,655099,655100,655101,655102,655103,655104,655105,655106,655107,655108,655109,655110,655111,655112,655113,655114,655115,655116,655117,655118,655119,655120,655121,655122,655123,655124,655125,655126,655127,655128,655129,655130,655131,655132,655133,655134
EMPTY
930313,930314,930315,930316,930317,930318,930319,930320,930321,930322,930323,930324,930325,930326,930327,930328,930329,930330,930331,930332,930333,930334,930335,930336,930337,930338,930339,930340,930341,930342,930343,930344,930345,930346,930347,930348,930349,930350,930351,930352,930353,930354,930355,930356,930357,930358,930359,930360,930361,930362,930363
EMPTY
EMPTY
EMPTY
EMPTY
EMPTY
EMPTY
EMPTY
730669,730670,730671,730672,730673,730674,730675,730676,730677,730678
201746,201747,201748,201749,201750,201751,201752,201753,201754,201755,201756
EMPTY
EMPTY
EMPTY
EMPTY
EMPTY
352803,352804,352805,352806,352807
EMPTY
EMPTY
EMPTY
EMPTY
797891
423976,423977,423978,423979,423980,423981,423982,423983,423984,423985,423986,423987,423988,423989,423990,423991,423992,423993,423994,423995,423996,423997,423998,423999,424000,424001,424002,424003,424004,424005,424006,424007,424008,424009,424010,424011,424012,424013,424014,424015,424016,424017,424018,424019,424020,424021,424022,424023,424024,424025,424026,424027,424028,424029,424030,424031
EMPTY
EMPTY
EMPTY
EMPTY
PFABJIM
EMPTY
191769,191770,191771,191772,191773,191774,191775,191776,191777,191778,191779,191780,191781,191782,191783,191784,191785,191786,191787,191788,191789,191790,191791,191792,191793,191794,191795,191796,191797,191798,191799,191800,191801,191802,191803,191804,191805,191806,191807,191808,191809,191810
EMPTY
EMPTY
207094
EMPTY
EMPTY
EMPTY
EMPTY
EMPTY
EMPTY
EMPTY
EMPTY
EMPTY
EMPTY
569715,569716,569717,569718,569719,569720,569721,569722,569723,569724,569725,569726,569727,569728,569729,569730,569731,569732,569733,569734,569735,569736,569737,569738,569739,569740,569741,569742,569743,569744,569745,569746,569747,569748,569749,569750,569751,569752,569753,569754,569755,569756,569757,569758,569759,569760,569761,569762,569763,569764,569765,569766,569767,569768,569769,569770,569771,569772,569773,569774,569775,569776,569777,569778,569779,569780,569781,569782,569783,569784,569785,569786,569787,569788,569789,569790,569791,569792,569793,569794,569795,569796,569797,569798
EMPTY
180229,180230,180231,180232,180233,180234,180235,180236,180237,180238,180239,180240,180241,180242,180243,180244,180245,180246,180247,180248,180249,180250,180251,180252,180253,180254,180255,180256,180257,180258,180259,180260,180261,180262,180263,180264,180265,180266,180267,180268,180269,180270,180271,180272,180273
EMPTY
EMPTY
EMPTY
EMPTY
EMPTY
EMPTY
EMPTY
241728,241729,241730,241731,241732,241733,241734,241735,241736,241737,241738,241739,241740,241741,241742,241743,241744,241745,241746,241747,241748,241749,241750,241751,241752,241753,241754
EMPTY
EMPTY
EMPTY
EMPTY
EMPTY
EMPTY
353764,353765,353766,353767,353768,353769,353770,353771,353772,353773,353774,353775,353776,353777,353778,353779,353780,353781,353782,353783,353784,353785,353786,353787,353788,353789,353790,353791,353792,353793,353794,353795,353796,353797,353798,353799,353800,353801,353802,353803,353804,353805,353806,353807,353808,353809,353810,353811,353812,353813,353814,353815,353816,353817,353818,353819,353820,353821,353822,353823,353824,353825,353826,353827,353828,353829,353830,353831,353832,353833,353834,353835,353836,353837,353838,353839,353840,353841,353842,353843,353844,353845,353846,353847,353848,353849,353850,353851
EMPTY
EMPTY
EMPTY
EMPTY
EMPTY
EMPTY
EMPTY
EMPTY
EMPTY
EMPTY
EMPTY
EMPTY
191769,191770,191771,191772,191773,191774,191775,191776,191777,191778,191779,191780,191781,191782,191783,191784,191785,191786,191787,191788,191789,191790,191791,191792,191793,191794,191795,191796,191797,191798,191799,191800,191801,191802,191803,191804,191805,191806,191807,191808,191809,191810
EMPTY
EMPTY
EMPTY
EMPTY
EMPTY
EMPTY
EMPTY
EMPTY
EMPTY
249608,249609,249610,249611,249612,249613,249614,249615,249616,249617,249618,249619,249620,249621,249622,249623,249624,249625,249626,249627,249628,249629,249630,249631,249632,249633,249634,249635,249636,249637,249638,249639,249640,249641,249642,249643,249644,249645,249646,249647,249648,249649,249650,249651,249652,249653,249654,249655,249656,249657,249658,249659,249660,390950
EMPTY
EMPTY
EMPTY
EMPTY
EMPTY
EMPTY
880569,880570,880571,880572,880573,880574,880575,880576,880577,880578,880579,880580,880581,880582,880583,880584,880585,880586,880587,880588,880589,880590,880591,880592,880593,880594,880595,880596,880597,880598,880599,880600,880601,880602,880603,880604,880605,880606,880607,880608,880609,880610,880611,880612,880613,880614,880615,880616
EMPTY
EMPTY
EMPTY
EMPTY
EMPTY
EMPTY
EMPTY
EMPTY
EMPTY
EMPTY
218538,218539,218540,218541,218542,218543,218544,218545,218546,218547,218548,218549,218550,218551,294465,294466,294467,294468,294469,294470,294471,294472,294473,294474,294475,294476,294477,294478,294479,294480,294481,294482,294483,294484,294485,294486,294487,294488,294489,294490,294491,294492,294493,294494,294495,294496,294497,294498,294499,294500,294501,294502,294503,294504,294505,294506,294507,294508,294509,294510,294511,294512,294513,294514,294515,294516,294517,294518,294519,294520,294521,294522,294523,294524,294525,294526,294527,294528,294529,294530,294531,294532,294533,294534,624935
EMPTY
EMPTY
