EMPTY
EMPTY
362122,605739,790567,790568,790569,790570,790571,790572,790573,790574,790575,790576,790577,790578,790579,790580,790581,790582,790583,790584,790585,790586,790587,790588,790589,790590,790591,790592,790593,790594,790595,790596,790597,790598,790599,790600,790601,790602,790603,790604,790605,790606,790607,790608,790609,790610,790611,790612,790613,790614,790615,790616,790617,790618,790619,790620,790621
ISRALOLRCB
EMPTY
EMPTY
113109,774734,895604
GBNLZ
209406,209407,209408,209409,209410,209411,209412,209413,209414,209415,209416,209417,209418,209419,209420,209421,209422,209423,209425,209426,209427,209428,209429,209430,209431,209432,209433,209434,209435,209436,209437,209438,209439,209440,314711
EMPTY
738750,738751,738752,738753,738754,738755,738756,738757,738758,738759,738760,738761,738762,738763,738764,738765,738766,738767,738768,738769,738770,738771,738772,738773,738774,738775,738776,738777,738778,738779,738780,738782,738783,738784,738785,738786,738787,738788,738789,738790,738791
EMPTY
665492,969728,969729,969730,969731,969732,969733,969734,969735,969736,969737,969739,969740,969741,969742,969743
EMPTY
873460
FZCWBMC
311047,311048,311049,311050,311051,311052,311053,311054,311055,311056,311057,311058,311059,311060,311061,311062,311063,311064,311065,311066,311067,311069,311070,311071,311072,311073,311074,311075,311076,311077,311078,311079,311080,311081,311082,311083,311084,311085,311086,311087,311088,311089,311090,311091,311092,311093,311094,311095,311096,311097,311098,311099,311100,311101,311102,311103,311104,311105,311106,311107,311108,311109,311110,311111,311112,311113,311114,311115,697473,878948,878949,878950,878951,878952,878953,878954,878955,878956,878957
EMPTY
665492,969728,969729,969730,969732,969733,969734,969735,969736,969737,969739,969740,969741,969742,969743
EMPTY
209406,209407,209408,209409,209410,209411,209412,209413,209414,209415,209416,209417,209418,209419,209420,209421,209422,209423,209425,209426,209427,209428,209429,209430,209431,209432,209433,209434,209435,209436,209437,209438,209439,209440,276131,314711
JTOWY
464295
NHUTK,XSMMM
903745
PZGGDAPBUN
170101,768353
NDVFI
455373,712218
URYRDBRLC
EMPTY
EMPTY
427980,427981,427982,427983,427984,427985,427986,427987,427988,427989,427990,427991,427992,427993,427994,427995,427996,427997,427998,428000,428001,428002,428003,428004,428005,428006,428007,428008
EMPTY
427980,427981,427982,427983,427984,427985,427986,427987,427988,427989,427990,427991,427992,427993,427994,427995,427996,427997,427998,428000,428001,428002,428003,428004,428005,428006,428007
EMPTY
987456,987457,987458,987459,987460,987461,987462,987463,987464,987465,987466,987467,987468,987469,987470,987471,987472,987473,987474,987475,987476,987477,987478,987479,987480,987481,987482,987483,987484,987485,987486,987487,987488,987489,987490,987491,987492,987493,987494,987495,987496,987497,987498,987499,987500,987501,987503,987504,987505,987506,987507,987508,987509,987510,987511,987512,987513,987514,987515,987516,987517,987518,987519,987520,987521,987522,987523,987524,987525,987526,987527,987528,987529,987530,987531,987532,987533,987534,987535,987536,987537,987538,987539,987540,987541,987542,987543,987544,987545,987546,987547
EMPTY
464803,629301
BKVYEONFD
688803,688804,688805,688806,688807,688808,688809,688811,688812,688813,688814
EMPTY
EMPTY
EMPTY
761261
TKPZXZMLTK
728138,728139,728140,728141,728142,728143,728144,728146,728147,728148,728149,728150,728151,728152,728153,728154,728155,728156,728157,728158,728159,728160,728161,728162,728163,880382
EMPTY
240224,410040,410041,410042,410043,410044,410045,410046,410047,410048,410049,410050,410051,410052,410053,410054,410055,769543
ECGTOEQPWB
114519,953894
ZHNRMEY
699971,699972,699973,699974,699975,699976,699977,699978,699979,699980,699981,699982,699983,699984,699985,699986,699987,699988,699989,699990,699991,699993,699994,699995,699996,699997,699998,699999,700000,700001,700002,700003,700004,700005,700006,700007,700008,700009,700010,700011,700012,700013,700014,700015,700016,700017,700018,700019,700020,700021,700022,700023,700024,700025,700026,700027,700028
EMPTY
126828,126829,126830,126831,126832,126833,126834,126835,126836,126837,126838,126839,126840,126841,126842,126843,126844,126845,126846,126847,126848,126849,126850,126851,126852,126853,126854,126855,126856,126857,126858,126859,126861,126862,126863,126864,126865,126866,126867,126868,126869,126870,126871,126872,126873,126874,126875,126876,126877,126878,126879,126880,126881,126882,126883,126884,126885,126886,126887,126888,126889,126890,126891,126892,126893,126894,126895,126896,126897,126898,379708,379709,379710,379711,379712,379713,379714,379715,379716,379717,379718,379719,379720,379721,379722,379723,379724,379725,379726,379727,379728,379729,379730,379731,379732,379733,379734,379735
EMPTY
EMPTY
EMPTY
372532,906664
DUXCSVB
240224,410040,410041,410042,410043,410044,410045,410046,410048,410049,410050,410051,410052,410053,410054,410055,769543
EMPTY
323597,323598,323599,323600,323601,323602,323603,323604,323605,395265,648493,648494,648495,648496,648497,648498,648499,648500,648501,648502,648503,648504,648506,648507,648508,648509,648510,648511,648512,648513,648514,648515,648516,648517,648518,648519,648520,648521,648522,648523,648524,648525,648526,648527,648528,648529,648530,648531,648532,648533,648534,648535,648536,648537,648538,648539,648540,648541,648542,648543,648544,648545,648546,648547,648548,648549,648550,648551,648552,648553,648554,648555,700199
EMPTY
301550,678906,678907,678908,678909,678910,678911,678912,678913,678914,678915,678917,678918,678919,678920,678921,678922,678923,678924,678925,678926,678927,678928,925165,925166,925167,925168,925169,925170,925171,925172,925173,925174,925175,925176,925177,925178
EMPTY
738750,738751,738752,738753,738754,738755,738756,738757,738758,738759,738760,738761,738762,738763,738764,738765,738766,738767,738768,738769,738770,738772,738773,738774,738775,738776,738777,738778,738779,738780,738782,738783,738784,738785,738786,738787,738788,738789,738790,738791
EMPTY
127938,127939,127940,127941,127942,127943,127944,127945,127946,127947,127948,127949,127950,127951,127952,127953,127954,127955,127956,127957,127958,127959,127960,127961,127962,127963,127964,127965,127966,127967,127968,127969,127970,127971,127972,127973,127974,203937,314444,957693
VGAXBVWPR
696816,696817,696818,696819,696820,696821,696822,696823,696824,696825,696826,696827,696828,696829,696830,696831,696832,696833,696834,696835,696836,696837,696838,696839,696840,696841,696842,696843,696844,696845,696846,696847,696848,696849,696850,696851,696852,696853,696854,696855,696856,696857,696858,696859,696860,696861,696862,696863,696864,696865,696866,696867,696868,696869,696870,696871,696872,696873,696874,696875,696876,696877,696878,696879,696880,696881,696882,696883,696884,696885,696886,696887,696888,696889,696890,696891,696893,696894,696895,696896,696897,696898,696899,696900,696901,696902,696903,696904,696905,696906,696907,696908,696909,696910,696911,696912,696913
EMPTY
467594
ETIHFJ
463672,463673,463674,463675,463676,463677,463678,463679,463680,463681,463682,463683,463684,463685,463686,463687,463688,463689,463690,463691,463692,463693,463694,463695,463696,463697,463698,463699,463700,463701,463702,463703,463704,463705,463706,463707,463708,463709,463710,463712,463713,463714,463715,463716,463717,463718,463719,463720,463721,463722,463723,463724,463725,463726,463727,463728,463729,463730,463731,463732,463733,463734,463735,463736,463737,463738,463739,463740,463741,463742,463743,463744,463745,463746,463747,463748,463749,463750,463751,463752,463753,463754,463755,463756,463757,463758,463759,463760,463761,463762,463763
EMPTY
126828,126830,126831,126832,126833,126834,126835,126836,126837,126838,126839,126840,126841,126842,126843,126844,126845,126846,126847,126848,126849,126850,126851,126852,126853,126854,126855,126856,126857,126858,126859,126861,126862,126863,126864,126865,126866,126867,126868,126869,126870,126871,126872,126873,126874,126875,126876,126877,126878,126879,126880,126881,126882,126883,126884,126885,126886,126887,126888,126889,126890,126891,126892,126893,126894,126895,126896,126897,126898,379708,379709,379710,379711,379712,379713,379714,379715,379716,379717,379718,379719,379720,379721,379722,379723,379724,379725,379726,379727,379728,379729,379730,379731,379732,379733,379734,379735
EMPTY
338495,338496,338497,338498,338499,338500,338501,338502,338503,338504,338505,338506,338507,338508,338509,338510,338511,338512,338513,338514,338515,338516,338517,338518,338519,338520,338521,338522,338523,338524,338525,338526,338527,338528,338529,338530,338531,338532,338533,338534,338535,338536,338537,338538,338539,338540,338541,338542,338543,338544,379400,805179,805180,805181,805182,805183,805184,805185,805186,805187,805188,805189,805190,805191,805192,805193,805194,805195,805196,805197,805198,805199,805200,805201,805202,805203,805204,805205,805206,805207,805208,805209,805210,805211,805212,805213,805214,805215,805216,805217,805219,805220,805221
EMPTY
467594,614396
ETIHFJ
712355,712356,712357,712358,712359,712360,712361,712362,712363,712364,712365,712366,712367,712368,712369,712370,712371,712372,712373,712374,712375,712376,712377,712378,712379,712380,712381,712382,712383,712384,712385,712386,712387,712388,712389,712390,712391,712392,712393,712394,712395,712396,712397,712398,712399,712400,712401,712402,712403,712404,712405,712406,712407,712408,712409,712411,712412,712413,712414
EMPTY
372532
EMPTY
209406,209407,209408,209409,209410,209411,209412,209413,209414,209415,209416,209417,209418,209419,209420,209421,209422,209423,209425,209426,209427,209428,209429,209430,209431,209432,209433,209434,209435,209436,209437,209438,209439,209440,276131,314711,614599
JTOWY
340691,340692,340693,340694,340695,340696,340697,340698,340699,340700,340701,340702,340703,340704,340705,340706,340707,340708,340709,340710,340711,340712,340713,340714,340715,340716,340717,340718,340719,340720,340721,340722,340723,340724,340725,340726,340727,340728,340729,340730,340731,340732,340733,340734,340735,340736,340737,340738,340739,340740,340741,340742,340743,340744,340745,340746,340747,340748,340749,340750,340751,340752,340753,340754,340755,340756,340757,340758,340759,340760,340761,340762,340763,340764,340765,340766,340767,340768,340769,340770,340771,340772,340773,340774,340775,340776,340777,340778,340780,340781,340782,340783,340784,340785,340786,340787,477915,595055
EMPTY
240224,410040,410041,410042,410043,410044,410045,410046,410048,410049,410050,410052,410053,410054,410055,769543
EMPTY
699971,699972,699973,699974,699975,699976,699977,699978,699979,699980,699981,699982,699983,699984,699985,699986,699987,699988,699989,699990,699991,699993,699994,699995,699996,699997,699998,699999,700000,700001,700002,700003,700004,700005,700006,700007,700008,700009,700010,700011,700012,700013,700014,700015,700016,700017,700018,700019,700020,700021,700022,700023,700024,700025,700026,700027,700028,921180
YEKME
EMPTY
EMPTY
EMPTY
EMPTY
187031,284899,602731,602732,602733,602734,602735,602736,602737,602738,602739,602740,602741,602742,602743,602744,602745,602746,602747,602748,602749,661293
TIGHWXBYG
